 338.8  0.0000
 339.2  0.0000
 339.5  0.0000
 339.9  0.0000
 340.3  0.0000
 340.7  0.0000
 341.1  0.0000
 341.4  0.0000
 341.8  0.0000
 342.2  0.0000
 342.6  0.0000
 342.9  0.0000
 343.3  0.0000
 343.7  0.0000
 344.1  0.0000
 344.5  0.0000
 344.8  0.0000
 345.2  0.0000
 345.6  0.0000
 346.0  0.0000
 346.4  0.0000
 346.7  0.0000
 347.1  0.0000
 347.5  0.0000
 347.9  0.0000
 348.2  0.0000
 348.6  0.0000
 349.0  0.0000
 349.4  0.0000
 349.8  0.0000
 350.1  0.0000
 350.5  0.0000
 350.9  0.0000
 351.3  0.0000
 351.6  0.0000
 352.0  0.0000
 352.4  0.0000
 352.8  0.0000
 353.1  0.0000
 353.5  0.0000
 353.9  0.0000
 354.3  0.0000
 354.7  0.0000
 355.0  0.0000
 355.4  0.0000
 355.8  0.0000
 356.2  0.0000
 356.6  0.0000
 356.9  0.0000
 357.3  0.0000
 357.7  0.0000
 358.1  0.0000
 358.4  0.0000
 358.8  0.0000
 359.2  0.0000
 359.6  0.0000
 359.9  0.0000
 360.3  0.0000
 360.7  0.0000
 361.1  0.0000
 361.4  0.0000
 361.8  0.0000
 362.2  0.0000
 362.6  0.0000
 363.0  0.0000
 363.3  0.0000
 363.7  0.0000
 364.1  0.0000
 364.5  0.0000
 364.8  0.0000
 365.2  0.0000
 365.6  0.0000
 366.0  0.0000
 366.3  0.0000
 366.7  0.0000
 367.1  0.0000
 367.5  0.0000
 367.9  0.0000
 368.2  0.0000
 368.6  0.0000
 369.0  0.0000
 369.4  0.0000
 369.7  0.0000
 370.1  0.0000
 370.5  0.0000
 370.9  0.0000
 371.2  0.0000
 371.6  0.0000
 372.0  0.0000
 372.4  0.0000
 372.7  0.0000
 373.1  0.0000
 373.5  0.0000
 373.9  0.0000
 374.2  0.0000
 374.6  0.0000
 375.0  0.0000
 375.4  0.0000
 375.7  0.0000
 376.1  0.0000
 376.5  0.0000
 376.9  0.0000
 377.2  0.0000
 377.6  0.0000
 378.0  0.0000
 378.4  0.0000
 378.7  0.0000
 379.1  0.0000
 379.5  0.0000
 379.9  0.0000
 380.2  0.0000
 380.6  0.0000
 381.0  0.0000
 381.4  0.0000
 381.7  0.0000
 382.1  0.0000
 382.5  0.0000
 382.9  0.0000
 383.2  0.0000
 383.6  0.0000
 384.0  0.0000
 384.4  0.0000
 384.7  0.0000
 385.1  0.0000
 385.5  0.0000
 385.9  0.0000
 386.2  0.0000
 386.6  0.0000
 387.0  0.0000
 387.3  0.0000
 387.7  0.0000
 388.1  0.0000
 388.5  0.0000
 388.8  0.0000
 389.2  0.0000
 389.6  0.0000
 390.0  0.0000
 390.3  0.0000
 390.7  0.0000
 391.1  0.0000
 391.4  0.0000
 391.8  0.0000
 392.2  0.0000
 392.6  0.0000
 392.9  0.0000
 393.3  0.0000
 393.7  0.0000
 394.1  0.0000
 394.4  0.0000
 394.8  0.0000
 395.2  0.0000
 395.6  0.0000
 395.9  0.0000
 396.3  0.0000
 396.7  0.0000
 397.1  0.0000
 397.4  0.0000
 397.8  0.0000
 398.2  0.0000
 398.5  0.0000
 398.9  0.0000
 399.3  0.0000
 399.7  0.0000
 400.0  0.0000
 400.4  0.0000
 400.8  0.0000
 401.1  0.0000
 401.5  0.0000
 401.9  0.0000
 402.3  0.0000
 402.6  0.0000
 403.0  0.0000
 403.4  0.0000
 403.8  0.0000
 404.1  0.0000
 404.5  0.0000
 404.9  0.0000
 405.3  0.0000
 405.6  0.0000
 406.0  0.0000
 406.4  0.0000
 406.7  0.0000
 407.1  0.0000
 407.5  0.0000
 407.9  0.0000
 408.2  0.0000
 408.6  0.0000
 409.0  0.0000
 409.3  0.0000
 409.7  0.0000
 410.1  0.0000
 410.4  0.0000
 410.8  0.0000
 411.2  0.0011
 411.6  0.0045
 411.9  0.0045
 412.3  0.0055
 412.7  0.0055
 413.1  0.0055
 413.4  0.0055
 413.8  0.0055
 414.2  0.0065
 414.5  0.0080
 414.9  0.0080
 415.3  0.0080
 415.6  0.0080
 416.0  0.0080
 416.4  0.0080
 416.8  0.0119
 417.1  0.0119
 417.5  0.0119
 417.9  0.0132
 418.3  0.0155
 418.6  0.0155
 419.0  0.0157
 419.4  0.0171
 419.7  0.0171
 420.1  0.0171
 420.5  0.0173
 420.8  0.0173
 421.2  0.0173
 421.6  0.0173
 421.9  0.0173
 422.3  0.0161
 422.7  0.0128
 423.1  0.0128
 423.4  0.0124
 423.8  0.0124
 424.2  0.0124
 424.5  0.0129
 424.9  0.0129
 425.3  0.0119
 425.6  0.0104
 426.0  0.0110
 426.4  0.0112
 426.8  0.0118
 427.1  0.0123
 427.5  0.0123
 427.9  0.0085
 428.2  0.0085
 428.6  0.0093
 429.0  0.0080
 429.4  0.0057
 429.7  0.0057
 430.1  0.0055
 430.5  0.0041
 430.8  0.0041
 431.2  0.0047
 431.6  0.0046
 431.9  0.0046
 432.3  0.0050
 432.7  0.0050
 433.0  0.0065
 433.4  0.0065
 433.8  0.0066
 434.1  0.0066
 434.5  0.0073
 434.9  0.0073
 435.3  0.0082
 435.6  0.0081
 436.0  0.0096
 436.4  0.0105
 436.7  0.0110
 437.1  0.0118
 437.5  0.0137
 437.8  0.0143
 438.2  0.0152
 438.6  0.0167
 438.9  0.0181
 439.3  0.0181
 439.7  0.0173
 440.1  0.0173
 440.4  0.0173
 440.8  0.0188
 441.1  0.0197
 441.5  0.0210
 441.9  0.0220
 442.3  0.0227
 442.6  0.0245
 443.0  0.0245
 443.4  0.0241
 443.7  0.0248
 444.1  0.0245
 444.5  0.0257
 444.8  0.0272
 445.2  0.0282
 445.6  0.0279
 445.9  0.0288
 446.3  0.0288
 446.7  0.0284
 447.0  0.0282
 447.4  0.0293
 447.8  0.0303
 448.1  0.0294
 448.5  0.0286
 448.9  0.0284
 449.2  0.0282
 449.6  0.0291
 450.0  0.0292
 450.4  0.0310
 450.7  0.0332
 451.1  0.0339
 451.4  0.0351
 451.8  0.0349
 452.2  0.0366
 452.6  0.0370
 452.9  0.0368
 453.3  0.0362
 453.6  0.0354
 454.0  0.0369
 454.4  0.0381
 454.8  0.0389
 455.1  0.0400
 455.5  0.0396
 455.9  0.0404
 456.2  0.0417
 456.6  0.0418
 456.9  0.0427
 457.3  0.0442
 457.7  0.0456
 458.1  0.0465
 458.4  0.0461
 458.8  0.0466
 459.1  0.0482
 459.5  0.0488
 459.9  0.0504
 460.3  0.0508
 460.6  0.0508
 461.0  0.0517
 461.3  0.0520
 461.7  0.0536
 462.1  0.0543
 462.4  0.0552
 462.8  0.0560
 463.2  0.0547
 463.5  0.0543
 463.9  0.0559
 464.3  0.0572
 464.6  0.0575
 465.0  0.0585
 465.4  0.0586
 465.7  0.0599
 466.1  0.0597
 466.5  0.0612
 466.8  0.0622
 467.2  0.0635
 467.6  0.0662
 467.9  0.0678
 468.3  0.0676
 468.7  0.0686
 469.0  0.0694
 469.4  0.0711
 469.8  0.0722
 470.1  0.0739
 470.5  0.0745
 470.9  0.0755
 471.2  0.0769
 471.6  0.0784
 471.9  0.0793
 472.3  0.0805
 472.7  0.0799
 473.0  0.0817
 473.4  0.0823
 473.8  0.0827
 474.1  0.0848
 474.5  0.0865
 474.9  0.0877
 475.2  0.0885
 475.6  0.0902
 475.9  0.0916
 476.3  0.0935
 476.7  0.0944
 477.0  0.0950
 477.4  0.0955
 477.8  0.0955
 478.1  0.0935
 478.5  0.0945
 478.9  0.0942
 479.2  0.0944
 479.6  0.0955
 480.0  0.0970
 480.3  0.0976
 480.7  0.0984
 481.1  0.0981
 481.4  0.0991
 481.8  0.0994
 482.1  0.1006
 482.5  0.1003
 482.9  0.1001
 483.2  0.1007
 483.6  0.1012
 484.0  0.1021
 484.3  0.1037
 484.7  0.1053
 485.1  0.1059
 485.4  0.1062
 485.8  0.1069
 486.1  0.1073
 486.5  0.1076
 486.9  0.1086
 487.2  0.1092
 487.6  0.1097
 487.9  0.1110
 488.3  0.1127
 488.7  0.1130
 489.0  0.1153
 489.4  0.1147
 489.8  0.1147
 490.1  0.1160
 490.5  0.1168
 490.9  0.1172
 491.2  0.1180
 491.6  0.1188
 491.9  0.1200
 492.3  0.1213
 492.7  0.1217
 493.0  0.1214
 493.4  0.1223
 493.8  0.1242
 494.1  0.1236
 494.5  0.1244
 494.8  0.1249
 495.2  0.1250
 495.6  0.1254
 495.9  0.1260
 496.3  0.1266
 496.6  0.1273
 497.0  0.1293
 497.4  0.1306
 497.7  0.1295
 498.1  0.1299
 498.5  0.1305
 498.8  0.1306
 499.2  0.1310
 499.6  0.1319
 499.9  0.1333
 500.3  0.1332
 500.6  0.1351
 501.0  0.1356
 501.4  0.1360
 501.7  0.1361
 502.1  0.1360
 502.4  0.1361
 502.8  0.1365
 503.2  0.1362
 503.5  0.1368
 503.9  0.1381
 504.3  0.1389
 504.6  0.1387
 505.0  0.1401
 505.3  0.1408
 505.7  0.1411
 506.1  0.1419
 506.4  0.1427
 506.8  0.1430
 507.1  0.1441
 507.5  0.1444
 507.9  0.1441
 508.2  0.1440
 508.6  0.1455
 508.9  0.1465
 509.3  0.1465
 509.7  0.1477
 510.0  0.1478
 510.4  0.1482
 510.7  0.1480
 511.1  0.1492
 511.5  0.1498
 511.8  0.1509
 512.2  0.1511
 512.5  0.1512
 512.9  0.1513
 513.3  0.1518
 513.6  0.1520
 514.0  0.1528
 514.3  0.1532
 514.7  0.1536
 515.1  0.1542
 515.4  0.1547
 515.8  0.1551
 516.1  0.1549
 516.5  0.1548
 516.9  0.1542
 517.2  0.1541
 517.6  0.1542
 517.9  0.1542
 518.3  0.1534
 518.7  0.1530
 519.0  0.1535
 519.4  0.1537
 519.7  0.1540
 520.1  0.1545
 520.5  0.1543
 520.8  0.1551
 521.2  0.1557
 521.5  0.1562
 521.9  0.1564
 522.3  0.1563
 522.6  0.1561
 523.0  0.1563
 523.3  0.1568
 523.7  0.1570
 524.0  0.1570
 524.4  0.1567
 524.8  0.1569
 525.1  0.1567
 525.5  0.1565
 525.8  0.1560
 526.2  0.1560
 526.6  0.1552
 526.9  0.1557
 527.3  0.1557
 527.6  0.1563
 528.0  0.1557
 528.4  0.1556
 528.7  0.1560
 529.1  0.1569
 529.4  0.1577
 529.8  0.1579
 530.1  0.1574
 530.5  0.1572
 530.9  0.1568
 531.2  0.1565
 531.6  0.1559
 531.9  0.1559
 532.3  0.1556
 532.6  0.1545
 533.0  0.1538
 533.4  0.1540
 533.7  0.1543
 534.1  0.1540
 534.4  0.1540
 534.8  0.1538
 535.1  0.1544
 535.5  0.1534
 535.9  0.1536
 536.2  0.1535
 536.6  0.1540
 536.9  0.1537
 537.3  0.1551
 537.6  0.1548
 538.0  0.1547
 538.4  0.1547
 538.7  0.1556
 539.1  0.1558
 539.4  0.1552
 539.8  0.1555
 540.1  0.1562
 540.5  0.1559
 540.9  0.1566
 541.2  0.1569
 541.6  0.1577
 541.9  0.1587
 542.3  0.1589
 542.6  0.1591
 543.0  0.1596
 543.4  0.1606
 543.7  0.1619
 544.1  0.1621
 544.4  0.1624
 544.8  0.1634
 545.1  0.1643
 545.5  0.1656
 545.9  0.1661
 546.2  0.1670
 546.6  0.1678
 546.9  0.1684
 547.3  0.1687
 547.6  0.1697
 548.0  0.1698
 548.4  0.1709
 548.7  0.1722
 549.1  0.1735
 549.4  0.1743
 549.8  0.1754
 550.1  0.1762
 550.5  0.1779
 550.8  0.1781
 551.2  0.1796
 551.6  0.1805
 551.9  0.1818
 552.3  0.1827
 552.6  0.1838
 553.0  0.1853
 553.3  0.1869
 553.7  0.1880
 554.0  0.1888
 554.4  0.1899
 554.8  0.1918
 555.1  0.1932
 555.5  0.1943
 555.8  0.1958
 556.2  0.1971
 556.5  0.1986
 556.9  0.2007
 557.2  0.2024
 557.6  0.2037
 558.0  0.2055
 558.3  0.2067
 558.7  0.2089
 559.0  0.2108
 559.4  0.2123
 559.7  0.2137
 560.1  0.2156
 560.4  0.2174
 560.8  0.2192
 561.1  0.2203
 561.5  0.2224
 561.9  0.2243
 562.2  0.2259
 562.6  0.2278
 562.9  0.2291
 563.3  0.2309
 563.6  0.2323
 564.0  0.2338
 564.3  0.2351
 564.7  0.2377
 565.0  0.2393
 565.4  0.2403
 565.8  0.2416
 566.1  0.2437
 566.5  0.2451
 566.8  0.2465
 567.2  0.2481
 567.5  0.2498
 567.9  0.2509
 568.2  0.2548
 568.6  0.2523
 568.9  0.2575
 569.3  0.2579
 569.6  0.2583
 570.0  0.2566
 570.3  0.2628
 570.7  0.2598
 571.0  0.2620
 571.4  0.2642
 571.8  0.2655
 572.1  0.2659
 572.5  0.2709
 572.8  0.2700
 573.2  0.2734
 573.5  0.2764
 573.9  0.2781
 574.2  0.2780
 574.6  0.2818
 574.9  0.2836
 575.3  0.2855
 575.6  0.2830
 576.0  0.2873
 576.3  0.2898
 576.7  0.2907
 577.0  0.2934
 577.4  0.2973
 577.8  0.2981
 578.1  0.2993
 578.5  0.3002
 578.8  0.2990
 579.2  0.2996
 579.5  0.2984
 579.9  0.2994
 580.2  0.3016
 580.6  0.3057
 580.9  0.3065
 581.3  0.3084
 581.6  0.3084
 582.0  0.3113
 582.3  0.3112
 582.7  0.3124
 583.0  0.3108
 583.4  0.3123
 583.7  0.3139
 584.1  0.3150
 584.4  0.3193
 584.8  0.3245
 585.1  0.3287
 585.5  0.3274
 585.9  0.3310
 586.2  0.3296
 586.5  0.3323
 586.9  0.3335
 587.3  0.3352
 587.6  0.3346
 588.0  0.3374
 588.3  0.3388
 588.7  0.3379
 589.0  0.3368
 589.4  0.3363
 589.7  0.3378
 590.1  0.3395
 590.4  0.3433
 590.8  0.3519
 591.1  0.3552
 591.5  0.3573
 591.8  0.3592
 592.2  0.3626
 592.5  0.3631
 592.9  0.3699
 593.2  0.3756
 593.6  0.3771
 593.9  0.3778
 594.3  0.3770
 594.6  0.3757
 595.0  0.3736
 595.3  0.3739
 595.7  0.3733
 596.0  0.3775
 596.4  0.3800
 596.7  0.3832
 597.1  0.3864
 597.4  0.3897
 597.8  0.3927
 598.1  0.3937
 598.5  0.3952
 598.8  0.3980
 599.2  0.4019
 599.5  0.4058
 599.9  0.4095
 600.2  0.4165
 600.6  0.4204
 600.9  0.4226
 601.3  0.4232
 601.6  0.4306
 602.0  0.4318
 602.3  0.4388
 602.7  0.4468
 603.0  0.4520
 603.4  0.4540
 603.7  0.4582
 604.1  0.4592
 604.4  0.4618
 604.8  0.4668
 605.1  0.4733
 605.5  0.4799
 605.8  0.4830
 606.2  0.4888
 606.5  0.4956
 606.9  0.4995
 607.2  0.5027
 607.6  0.5141
 607.9  0.5203
 608.3  0.5244
 608.6  0.5270
 609.0  0.5350
 609.3  0.5383
 609.6  0.5418
 610.0  0.5467
 610.3  0.5550
 610.7  0.5642
 611.0  0.5741
 611.4  0.5815
 611.7  0.5896
 612.1  0.5975
 612.4  0.6039
 612.8  0.6090
 613.1  0.6205
 613.5  0.6296
 613.8  0.6367
 614.2  0.6436
 614.5  0.6533
 614.9  0.6563
 615.2  0.6647
 615.6  0.6757
 615.9  0.6851
 616.3  0.6917
 616.6  0.7040
 617.0  0.7097
 617.3  0.7150
 617.6  0.7207
 618.0  0.7313
 618.4  0.7387
 618.7  0.7495
 619.0  0.7577
 619.4  0.7666
 619.7  0.7737
 620.1  0.7834
 620.4  0.7920
 620.8  0.8034
 621.1  0.8122
 621.5  0.8183
 621.8  0.8260
 622.2  0.8338
 622.5  0.8421
 622.9  0.8505
 623.2  0.8606
 623.5  0.8674
 623.9  0.8752
 624.2  0.8805
 624.6  0.8884
 624.9  0.8968
 625.3  0.9050
 625.6  0.9126
 626.0  0.9173
 626.3  0.9221
 626.7  0.9239
 627.0  0.9276
 627.4  0.9286
 627.7  0.9398
 628.0  0.9457
 628.4  0.9507
 628.8  0.9543
 629.1  0.9591
 629.4  0.9579
 629.8  0.9590
 630.1  0.9662
 630.5  0.9667
 630.8  0.9674
 631.2  0.9701
 631.5  0.9743
 631.9  0.9686
 632.2  0.9682
 632.5  0.9669
 632.9  0.9672
 633.2  0.9622
 633.6  0.9605
 633.9  0.9585
 634.3  0.9607
 634.6  0.9553
 635.0  0.9486
 635.3  0.9469
 635.7  0.9464
 636.0  0.9377
 636.4  0.9333
 636.7  0.9286
 637.0  0.9198
 637.4  0.9072
 637.7  0.9043
 638.1  0.8989
 638.4  0.8960
 638.8  0.8895
 639.1  0.8845
 639.5  0.8758
 639.8  0.8646
 640.1  0.8544
 640.5  0.8462
 640.8  0.8407
 641.2  0.8292
 641.5  0.8172
 641.9  0.8090
 642.2  0.7986
 642.5  0.7871
 642.9  0.7764
 643.2  0.7688
 643.6  0.7538
 643.9  0.7423
 644.3  0.7305
 644.6  0.7198
 645.0  0.7066
 645.3  0.6960
 645.6  0.6839
 646.0  0.6705
 646.3  0.6558
 646.7  0.6428
 647.0  0.6301
 647.4  0.6210
 647.7  0.6090
 648.1  0.6013
 648.4  0.5909
 648.7  0.5794
 649.1  0.5627
 649.4  0.5491
 649.8  0.5354
 650.1  0.5234
 650.5  0.5112
 650.8  0.5036
 651.1  0.4920
 651.5  0.4814
 651.8  0.4692
 652.2  0.4595
 652.5  0.4448
 652.9  0.4333
 653.2  0.4200
 653.5  0.4138
 653.9  0.4034
 654.2  0.3978
 654.6  0.3911
 654.9  0.3820
 655.3  0.3680
 655.6  0.3597
 656.0  0.3489
 656.3  0.3380
 656.6  0.3335
 657.0  0.3244
 657.3  0.3147
 657.7  0.3056
 658.0  0.2958
 658.3  0.2845
 658.7  0.2790
 659.0  0.2735
 659.4  0.2673
 659.7  0.2655
 660.0  0.2596
 660.4  0.2510
 660.7  0.2490
 661.1  0.2426
 661.4  0.2366
 661.8  0.2305
 662.1  0.2243
 662.5  0.2184
 662.8  0.2117
 663.1  0.2062
 663.5  0.2005
 663.8  0.1952
 664.1  0.1907
 664.5  0.1855
 664.8  0.1806
 665.2  0.1751
 665.5  0.1699
 665.9  0.1649
 666.2  0.1603
 666.5  0.1561
 666.9  0.1518
 667.2  0.1479
 667.6  0.1446
 667.9  0.1405
 668.3  0.1365
 668.6  0.1332
 668.9  0.1301
 669.3  0.1263
 669.6  0.1230
 670.0  0.1201
 670.3  0.1173
 670.6  0.1139
 671.0  0.1108
 671.3  0.1081
 671.7  0.1047
 672.0  0.1019
 672.3  0.0995
 672.7  0.0969
 673.0  0.0946
 673.4  0.0925
 673.7  0.0903
 674.0  0.0884
 674.4  0.0863
 674.7  0.0845
 675.1  0.0827
 675.4  0.0812
 675.7  0.0796
 676.1  0.0774
 676.4  0.0758
 676.8  0.0742
 677.1  0.0725
 677.4  0.0704
 677.8  0.0686
 678.1  0.0675
 678.5  0.0663
 678.8  0.0648
 679.1  0.0626
 679.5  0.0613
 679.8  0.0601
 680.1  0.0586
 680.5  0.0571
 680.8  0.0564
 681.2  0.0554
 681.5  0.0540
 681.9  0.0533
 682.2  0.0526
 682.5  0.0512
 682.9  0.0505
 683.2  0.0490
 683.5  0.0482
 683.9  0.0475
 684.2  0.0465
 684.6  0.0455
 684.9  0.0447
 685.2  0.0435
 685.6  0.0425
 685.9  0.0417
 686.3  0.0411
 686.6  0.0404
 686.9  0.0395
 687.3  0.0385
 687.6  0.0382
 687.9  0.0370
 688.3  0.0364
 688.6  0.0355
 689.0  0.0351
 689.3  0.0347
 689.6  0.0344
 690.0  0.0337
 690.3  0.0335
 690.6  0.0328
 691.0  0.0325
 691.3  0.0319
 691.7  0.0316
 692.0  0.0312
 692.3  0.0304
 692.7  0.0306
 693.0  0.0300
 693.4  0.0300
 693.7  0.0297
 694.0  0.0287
 694.4  0.0280
 694.7  0.0275
 695.0  0.0272
 695.4  0.0265
 695.7  0.0268
 696.0  0.0266
 696.4  0.0266
 696.7  0.0260
 697.1  0.0260
 697.4  0.0262
 697.7  0.0261
 698.1  0.0257
 698.4  0.0259
 698.8  0.0259
 699.1  0.0261
 699.4  0.0265
 699.8  0.0264
 700.1  0.0265
 700.4  0.0256
 700.8  0.0255
 701.1  0.0250
 701.4  0.0252
 701.8  0.0246
 702.1  0.0245
 702.5  0.0245
 702.8  0.0235
 703.1  0.0231
 703.5  0.0232
 703.8  0.0226
 704.1  0.0230
 704.5  0.0230
 704.8  0.0230
 705.1  0.0231
 705.5  0.0232
 705.8  0.0230
 706.1  0.0227
 706.5  0.0229
 706.8  0.0230
 707.1  0.0226
 707.5  0.0224
 707.8  0.0220
 708.2  0.0223
 708.5  0.0213
 708.8  0.0209
 709.2  0.0203
 709.5  0.0196
 709.8  0.0193
 710.2  0.0191
 710.5  0.0194
 710.8  0.0193
 711.2  0.0195
 711.5  0.0190
 711.9  0.0190
 712.2  0.0183
 712.5  0.0181
 712.9  0.0179
 713.2  0.0181
 713.5  0.0178
 713.9  0.0178
 714.2  0.0177
 714.5  0.0177
 714.9  0.0177
 715.2  0.0167
 715.5  0.0165
 715.9  0.0160
 716.2  0.0162
 716.5  0.0155
 716.9  0.0152
 717.2  0.0149
 717.5  0.0148
 717.9  0.0151
 718.2  0.0149
 718.5  0.0154
 718.9  0.0156
 719.2  0.0158
 719.5  0.0156
 719.9  0.0159
 720.2  0.0155
 720.5  0.0155
 720.9  0.0150
 721.2  0.0148
 721.5  0.0148
 721.9  0.0148
 722.2  0.0155
 722.5  0.0152
 722.9  0.0157
 723.2  0.0159
 723.5  0.0164
 723.9  0.0164
 724.2  0.0162
 724.5  0.0155
 724.9  0.0154
 725.2  0.0154
 725.5  0.0153
 725.9  0.0152
 726.2  0.0150
 726.5  0.0151
 726.9  0.0149
 727.2  0.0148
 727.5  0.0149
 727.9  0.0147
 728.2  0.0148
 728.5  0.0143
 728.9  0.0141
 729.2  0.0144
 729.5  0.0141
 729.9  0.0136
 730.2  0.0133
 730.5  0.0140
 730.9  0.0143
 731.2  0.0143
 731.5  0.0141
 731.9  0.0141
 732.2  0.0135
 732.5  0.0134
 732.9  0.0137
 733.2  0.0138
 733.5  0.0132
 733.9  0.0131
 734.2  0.0132
 734.5  0.0138
 734.9  0.0141
 735.2  0.0146
 735.5  0.0146
 735.9  0.0146
 736.2  0.0147
 736.5  0.0148
 736.8  0.0151
 737.2  0.0152
 737.5  0.0150
 737.8  0.0150
 738.2  0.0149
 738.5  0.0155
 738.8  0.0157
 739.2  0.0151
 739.5  0.0155
 739.8  0.0155
 740.1  0.0158
 740.5  0.0158
 740.8  0.0158
 741.1  0.0159
 741.5  0.0163
 741.8  0.0174
 742.1  0.0174
 742.5  0.0175
 742.8  0.0172
 743.1  0.0168
 743.5  0.0167
 743.8  0.0170
 744.1  0.0165
 744.5  0.0163
 744.8  0.0154
 745.1  0.0154
 745.4  0.0155
 745.8  0.0155
 746.1  0.0152
 746.4  0.0152
 746.8  0.0146
 747.1  0.0146
 747.4  0.0145
 747.8  0.0145
 748.1  0.0146
 748.4  0.0138
 748.7  0.0135
 749.1  0.0137
 749.4  0.0133
 749.7  0.0133
 750.1  0.0129
 750.4  0.0119
 750.7  0.0127
 751.0  0.0126
 751.4  0.0124
 751.7  0.0114
 752.0  0.0112
 752.4  0.0112
 752.7  0.0106
 753.0  0.0103
 753.4  0.0103
 753.7  0.0099
 754.0  0.0098
 754.3  0.0101
 754.7  0.0101
 755.0  0.0097
 755.3  0.0096
 755.7  0.0093
 756.0  0.0097
 756.3  0.0092
 756.6  0.0091
 757.0  0.0091
 757.3  0.0093
 757.6  0.0088
 758.0  0.0087
 758.3  0.0091
 758.6  0.0095
 759.0  0.0090
 759.3  0.0097
 759.6  0.0094
 759.9  0.0095
 760.3  0.0099
 760.6  0.0093
 760.9  0.0097
 761.2  0.0094
 761.6  0.0090
 761.9  0.0099
 762.2  0.0099
 762.5  0.0103
 762.9  0.0107
 763.2  0.0107
 763.5  0.0109
 763.9  0.0111
 764.2  0.0114
 764.5  0.0115
 764.9  0.0112
 765.2  0.0110
 765.5  0.0110
 765.8  0.0109
 766.2  0.0114
 766.5  0.0117
 766.8  0.0116
 767.1  0.0111
 767.5  0.0112
 767.8  0.0110
 768.1  0.0106
 768.5  0.0099
 768.8  0.0106
 769.1  0.0101
 769.4  0.0101
 769.8  0.0100
 770.1  0.0096
 770.4  0.0092
 770.7  0.0086
 771.1  0.0088
 771.4  0.0088
 771.7  0.0079
 772.0  0.0076
 772.4  0.0071
 772.7  0.0068
 773.0  0.0071
 773.4  0.0067
 773.7  0.0066
 774.0  0.0057
 774.3  0.0062
 774.6  0.0066
 775.0  0.0075
 775.3  0.0075
 775.6  0.0074
 776.0  0.0067
 776.3  0.0069
 776.6  0.0070
 776.9  0.0068
 777.3  0.0071
 777.6  0.0074
 777.9  0.0071
 778.2  0.0071
 778.6  0.0067
 778.9  0.0066
 779.2  0.0071
 779.5  0.0073
 779.9  0.0071
 780.2  0.0075
 780.5  0.0079
 780.8  0.0074
 781.2  0.0072
 781.5  0.0069
 781.8  0.0069
 782.1  0.0071
 782.5  0.0070
 782.8  0.0067
 783.1  0.0068
 783.4  0.0066
 783.8  0.0064
 784.1  0.0058
 784.4  0.0061
 784.7  0.0060
 785.1  0.0066
 785.4  0.0064
 785.7  0.0066
 786.0  0.0061
 786.4  0.0061
 786.7  0.0063
 787.0  0.0060
 787.3  0.0063
 787.7  0.0069
 788.0  0.0068
 788.3  0.0067
 788.6  0.0069
 789.0  0.0071
 789.3  0.0069
 789.6  0.0071
 789.9  0.0067
 790.3  0.0061
 790.6  0.0068
 790.9  0.0072
 791.2  0.0075
 791.5  0.0086
 791.9  0.0084
 792.2  0.0084
 792.5  0.0088
 792.8  0.0088
 793.2  0.0089
 793.5  0.0093
 793.8  0.0093
 794.1  0.0090
 794.5  0.0083
 794.8  0.0081
 795.1  0.0081
 795.4  0.0084
 795.7  0.0091
 796.1  0.0091
 796.4  0.0090
 796.7  0.0088
 797.0  0.0081
 797.4  0.0076
 797.7  0.0076
 798.0  0.0075
 798.3  0.0074
 798.6  0.0071
 799.0  0.0072
 799.3  0.0069
 799.6  0.0069
 799.9  0.0075
 800.3  0.0068
 800.6  0.0064
 800.9  0.0061
 801.2  0.0051
 801.5  0.0054
 801.9  0.0057
 802.2  0.0053
 802.5  0.0057
 802.8  0.0057
 803.2  0.0057
 803.5  0.0057
 803.8  0.0057
 804.1  0.0057
 804.5  0.0053
 804.8  0.0053
 805.1  0.0050
 805.4  0.0042
 805.7  0.0041
 806.0  0.0041
 806.4  0.0041
 806.7  0.0049
 807.0  0.0049
 807.3  0.0049
 807.7  0.0048
 808.0  0.0046
 808.3  0.0043
 808.6  0.0044
 808.9  0.0044
 809.3  0.0048
 809.6  0.0043
 809.9  0.0043
 810.2  0.0043
 810.5  0.0048
 810.9  0.0051
 811.2  0.0049
 811.5  0.0047
 811.8  0.0047
 812.1  0.0042
 812.5  0.0043
 812.8  0.0039
 813.1  0.0041
 813.4  0.0044
 813.8  0.0045
 814.1  0.0045
 814.4  0.0045
 814.7  0.0046
 815.0  0.0049
 815.4  0.0054
 815.7  0.0054
 816.0  0.0054
 816.3  0.0046
 816.6  0.0051
 817.0  0.0050
 817.3  0.0054
 817.6  0.0054
 817.9  0.0057
 818.2  0.0057
 818.5  0.0057
 818.9  0.0054
 819.2  0.0059
 819.5  0.0061
 819.8  0.0061
 820.1  0.0066
 820.5  0.0063
 820.8  0.0066
 821.1  0.0063
 821.4  0.0063
 821.7  0.0067
 822.1  0.0065
 822.4  0.0064
 822.7  0.0062
 823.0  0.0057
 823.3  0.0052
 823.6  0.0055
 824.0  0.0058
 824.3  0.0056
 824.6  0.0053
 824.9  0.0050
 825.3  0.0053
 825.6  0.0053
 825.9  0.0057
 826.2  0.0055
 826.5  0.0058
 826.8  0.0053
 827.2  0.0054
 827.5  0.0060
 827.8  0.0058
 828.1  0.0070
 828.4  0.0069
 828.8  0.0063
 829.1  0.0066
 829.4  0.0066
 829.7  0.0065
 830.0  0.0065
 830.3  0.0061
 830.6  0.0061
 831.0  0.0061
 831.3  0.0057
 831.6  0.0057
 831.9  0.0057
 832.2  0.0060
 832.6  0.0060
 832.9  0.0061
 833.2  0.0064
 833.5  0.0061
 833.8  0.0061
 834.1  0.0061
 834.5  0.0061
 834.8  0.0058
 835.1  0.0066
 835.4  0.0062
 835.7  0.0060
 836.0  0.0056
 836.4  0.0056
 836.7  0.0056
 837.0  0.0048
 837.3  0.0048
 837.6  0.0037
 838.0  0.0037
 838.3  0.0038
 838.6  0.0034
 838.9  0.0034
 839.2  0.0024
 839.5  0.0024
 839.8  0.0029
 840.2  0.0030
 840.5  0.0031
 840.8  0.0031
 841.1  0.0031
 841.4  0.0031
 841.7  0.0028
 842.1  0.0028
 842.4  0.0032
 842.7  0.0026
 843.0  0.0026
 843.3  0.0026
 843.6  0.0034
 844.0  0.0031
 844.3  0.0039
 844.6  0.0032
 844.9  0.0032
 845.2  0.0031
 845.5  0.0031
 845.8  0.0031
 846.2  0.0029
 846.5  0.0033
 846.8  0.0033
 847.1  0.0032
 847.4  0.0033
 847.7  0.0033
 848.0  0.0031
 848.4  0.0036
 848.7  0.0036
 849.0  0.0036
 849.3  0.0031
 849.6  0.0034
 849.9  0.0036
 850.3  0.0037
 850.6  0.0037
 850.9  0.0037
 851.2  0.0037
 851.5  0.0042
 851.8  0.0037
 852.1  0.0039
 852.5  0.0044
 852.8  0.0044
 853.1  0.0042
 853.4  0.0042
 853.7  0.0034
 854.0  0.0034
 854.3  0.0037
 854.6  0.0037
 855.0  0.0037
 855.3  0.0037
 855.6  0.0041
 855.9  0.0040
 856.2  0.0040
 856.5  0.0040
 856.9  0.0047
 857.2  0.0047
 857.5  0.0048
 857.8  0.0044
 858.1  0.0044
 858.4  0.0044
 858.7  0.0048
 859.0  0.0044
 859.4  0.0042
 859.7  0.0041
 860.0  0.0041
 860.3  0.0041
 860.6  0.0047
 860.9  0.0042
 861.2  0.0042
 861.5  0.0040
 861.9  0.0035
 862.2  0.0035
 862.5  0.0030
 862.8  0.0031
 863.1  0.0031
 863.4  0.0032
 863.7  0.0030
 864.0  0.0030
 864.4  0.0036
 864.7  0.0036
 865.0  0.0032
 865.3  0.0035
 865.6  0.0038
 865.9  0.0041
 866.2  0.0034
 866.5  0.0034
 866.9  0.0032
 867.2  0.0034
 867.5  0.0034
 867.8  0.0034
 868.1  0.0029
 868.4  0.0029
 868.7  0.0031
 869.0  0.0031
 869.4  0.0031
 869.7  0.0031
 870.0  0.0024
 870.3  0.0024
 870.6  0.0024
 870.9  0.0024
 871.2  0.0024
 871.5  0.0024
 871.8  0.0024
 872.1  0.0023
 872.5  0.0023
 872.8  0.0022
 873.1  0.0027
 873.4  0.0027
 873.7  0.0025
 874.0  0.0025
 874.3  0.0025
 874.6  0.0019
 874.9  0.0016
 875.3  0.0019
 875.6  0.0019
 875.9  0.0019
 876.2  0.0022
 876.5  0.0021
 876.8  0.0021
 877.1  0.0021
 877.4  0.0021
 877.7  0.0021
 878.0  0.0020
 878.4  0.0020
 878.7  0.0020
 879.0  0.0020
 879.3  0.0024
 879.6  0.0024
 879.9  0.0024
 880.2  0.0027
 880.5  0.0027
 880.8  0.0027
 881.1  0.0029
 881.5  0.0029
 881.8  0.0031
 882.1  0.0031
 882.4  0.0025
 882.7  0.0025
 883.0  0.0021
 883.3  0.0021
 883.6  0.0021
 883.9  0.0021
 884.2  0.0028
 884.5  0.0022
 884.9  0.0022
 885.2  0.0023
 885.5  0.0019
 885.8  0.0019
 886.1  0.0019
 886.4  0.0019
 886.7  0.0019
 887.0  0.0019
 887.3  0.0018
 887.6  0.0019
 887.9  0.0019
 888.3  0.0019
 888.6  0.0016
 888.9  0.0016
 889.2  0.0016
 889.5  0.0013
 889.8  0.0013
 890.1  0.0013
 890.4  0.0013
 890.7  0.0013
 891.0  0.0018
 891.3  0.0018
 891.6  0.0018
 892.0  0.0020
 892.3  0.0020
 892.6  0.0020
 892.9  0.0020
 893.2  0.0020
 893.5  0.0014
 893.8  0.0016
 894.1  0.0016
 894.4  0.0015
 894.7  0.0015
 895.0  0.0015
 895.3  0.0015
 895.6  0.0015
 896.0  0.0018
 896.3  0.0018
 896.6  0.0018
 896.9  0.0017
 897.2  0.0017
 897.5  0.0018
 897.8  0.0018
 898.1  0.0018
 898.4  0.0018
 898.7  0.0021
 899.0  0.0022
 899.3  0.0022
 899.6  0.0020
 899.9  0.0020
 900.2  0.0013
 900.5  0.0015
 900.9  0.0016
 901.2  0.0014
 901.5  0.0014
 901.8  0.0014
 902.1  0.0014
 902.4  0.0014
 902.7  0.0014
 903.0  0.0012
 903.3  0.0015
 903.6  0.0019
 903.9  0.0021
 904.2  0.0021
 904.5  0.0021
 904.8  0.0025
 905.1  0.0021
 905.4  0.0021
 905.8  0.0021
 906.1  0.0021
 906.4  0.0021
 906.7  0.0020
 907.0  0.0020
 907.3  0.0020
 907.6  0.0020
 907.9  0.0018
 908.2  0.0015
 908.5  0.0017
 908.8  0.0017
 909.1  0.0017
 909.4  0.0017
 909.7  0.0015
 910.0  0.0016
 910.3  0.0016
 910.6  0.0016
 910.9  0.0018
 911.2  0.0018
 911.5  0.0018
 911.9  0.0018
 912.1  0.0018
 912.5  0.0022
 912.8  0.0023
 913.1  0.0021
 913.4  0.0021
 913.7  0.0021
 914.0  0.0017
 914.3  0.0017
 914.6  0.0017
 914.9  0.0017
 915.2  0.0017
 915.5  0.0017
 915.8  0.0024
 916.1  0.0029
 916.4  0.0029
 916.7  0.0033
 917.0  0.0033
 917.3  0.0033
 917.6  0.0032
 917.9  0.0039
 918.2  0.0039
 918.5  0.0043
 918.8  0.0043
 919.1  0.0041
 919.5  0.0041
 919.8  0.0045
 920.0  0.0043
 920.4  0.0043
 920.7  0.0045
 921.0  0.0048
 921.3  0.0048
 921.6  0.0044
 921.9  0.0039
 922.2  0.0039
 922.5  0.0040
 922.8  0.0041
 923.1  0.0041
 923.4  0.0047
 923.7  0.0047
 924.0  0.0047
 924.3  0.0049
 924.6  0.0049
 924.9  0.0042
 925.2  0.0038
 925.5  0.0038
 925.8  0.0034
 926.1  0.0034
 926.4  0.0034
 926.7  0.0034
 927.0  0.0026
 927.3  0.0026
 927.6  0.0023
 927.9  0.0023
 928.2  0.0023
 928.5  0.0023
 928.8  0.0021
 929.1  0.0021
 929.4  0.0021
 929.7  0.0019
 930.0  0.0017
 930.3  0.0017
 930.6  0.0014
 930.9  0.0014
 931.2  0.0014
 931.5  0.0014
 931.8  0.0013
 932.1  0.0015
 932.4  0.0009
 932.7  0.0009
 933.0  0.0012
 933.3  0.0010
 933.6  0.0010
 933.9  0.0010
 934.2  0.0010
 934.5  0.0010
 934.8  0.0010
 935.1  0.0010
 935.4  0.0010
 935.7  0.0010
 936.0  0.0010
 936.3  0.0010
 936.6  0.0010
 936.9  0.0010
 937.2  0.0010
 937.5  0.0010
 937.8  0.0008
 938.1  0.0008
 938.4  0.0008
 938.7  0.0008
 939.0  0.0008
 939.3  0.0008
 939.6  0.0007
 939.9  0.0007
 940.2  0.0007
 940.5  0.0005
 940.8  0.0005
 941.1  0.0004
 941.4  0.0004
 941.7  0.0004
 942.0  0.0001
 942.3  0.0001
 942.6  0.0001
 942.9  0.0001
 943.2  0.0001
 943.5  0.0001
 943.8  0.0001
 944.1  0.0001
 944.4  0.0001
 944.7  0.0001
 945.0  0.0000
 945.3  0.0000
 945.6  0.0000
 945.9  0.0000
 946.2  0.0000
 946.5  0.0000
 946.8  0.0000
 947.1  0.0000
 947.4  0.0000
 947.7  0.0000
 948.0  0.0000
 948.3  0.0000
 948.6  0.0000
 948.9  0.0000
 949.2  0.0000
 949.5  0.0000
 949.8  0.0000
 950.1  0.0000
 950.4  0.0000
 950.7  0.0000
 951.0  0.0000
 951.3  0.0000
 951.6  0.0000
 951.9  0.0000
 952.2  0.0000
 952.5  0.0000
 952.8  0.0000
 953.1  0.0000
 953.4  0.0000
 953.7  0.0000
 954.0  0.0000
 954.3  0.0000
 954.6  0.0000
 954.9  0.0000
 955.2  0.0000
 955.5  0.0000
 955.8  0.0000
 956.0  0.0000
 956.4  0.0000
 956.6  0.0000
 956.9  0.0000
 957.2  0.0000
 957.5  0.0000
 957.8  0.0000
 958.1  0.0000
 958.4  0.0000
 958.7  0.0000
 959.0  0.0000
 959.3  0.0000
 959.6  0.0000
 959.9  0.0000
 960.2  0.0000
 960.5  0.0000
 960.8  0.0000
 961.1  0.0000
 961.4  0.0000
 961.7  0.0000
 962.0  0.0000
 962.3  0.0000
 962.6  0.0000
 962.9  0.0000
 963.2  0.0000
 963.5  0.0000
 963.8  0.0000
 964.0  0.0000
 964.3  0.0000
 964.6  0.0000
 964.9  0.0000
 965.2  0.0000
 965.5  0.0000
 965.8  0.0000
 966.1  0.0000
 966.4  0.0000
 966.7  0.0000
 967.0  0.0000
 967.3  0.0000
 967.6  0.0000
 967.9  0.0000
 968.2  0.0000
 968.5  0.0000
 968.8  0.0000
 969.1  0.0000
 969.4  0.0000
 969.6  0.0000
 969.9  0.0000
 970.2  0.0000
 970.5  0.0000
 970.8  0.0000
 971.1  0.0000
 971.4  0.0000
 971.7  0.0000
 972.0  0.0000
 972.3  0.0000
 972.6  0.0000
 972.9  0.0000
 973.2  0.0000
 973.5  0.0000
 973.8  0.0000
 974.1  0.0000
 974.4  0.0000
 974.6  0.0000
 974.9  0.0000
 975.2  0.0000
 975.5  0.0000
 975.8  0.0000
 976.1  0.0000
 976.4  0.0000
 976.7  0.0000
 977.0  0.0000
 977.3  0.0000
 977.6  0.0000
 977.9  0.0000
 978.2  0.0000
 978.5  0.0000
 978.8  0.0000
 979.0  0.0000
 979.3  0.0000
 979.6  0.0000
 979.9  0.0000
 980.2  0.0000
 980.5  0.0000
 980.8  0.0000
 981.1  0.0000
 981.4  0.0000
 981.7  0.0000
 982.0  0.0000
 982.3  0.0000
 982.5  0.0000
 982.8  0.0000
 983.1  0.0000
 983.4  0.0000
 983.7  0.0000
 984.0  0.0000
 984.3  0.0000
 984.6  0.0000
 984.9  0.0000
 985.2  0.0000
 985.5  0.0000
 985.8  0.0000
 986.0  0.0000
 986.3  0.0000
 986.6  0.0000
 986.9  0.0000
 987.2  0.0000
 987.5  0.0000
 987.8  0.0000
 988.1  0.0000
 988.4  0.0000
 988.7  0.0000
 989.0  0.0000
 989.3  0.0000
 989.5  0.0000
 989.8  0.0000
 990.1  0.0000
 990.4  0.0000
 990.7  0.0000
 991.0  0.0000
 991.3  0.0000
 991.6  0.0000
 991.9  0.0000
 992.2  0.0000
 992.5  0.0000
 992.7  0.0000
 993.0  0.0000
 993.3  0.0000
 993.6  0.0000
 993.9  0.0000
 994.2  0.0000
 994.5  0.0000
 994.8  0.0000
 995.1  0.0000
 995.4  0.0000
 995.6  0.0000
 995.9  0.0000
 996.2  0.0000
 996.5  0.0000
 996.8  0.0000
 997.1  0.0000
 997.4  0.0000
 997.7  0.0000
 998.0  0.0000
 998.3  0.0000
 998.5  0.0000
 998.8  0.0000
 999.1  0.0000
 999.4  0.0000
 999.7  0.0000
1000.0  0.0000
1000.3  0.0000
1000.6  0.0000
1000.9  0.0000
1001.1  0.0000
1001.4  0.0000
1001.7  0.0000
1002.0  0.0000
1002.3  0.0000
1002.6  0.0000
1002.9  0.0000
1003.2  0.0000
1003.4  0.0000
1003.7  0.0000
1004.0  0.0000
1004.3  0.0000
1004.6  0.0000
1004.9  0.0000
1005.2  0.0000
1005.5  0.0000
1005.8  0.0000
1006.0  0.0000
1006.3  0.0000
1006.6  0.0000
1006.9  0.0000
1007.2  0.0000
1007.5  0.0000
1007.8  0.0000
1008.1  0.0000
1008.3  0.0000
1008.6  0.0000
1008.9  0.0000
1009.2  0.0000
1009.5  0.0000
1009.8  0.0000
1010.1  0.0000
1010.4  0.0000
1010.6  0.0000
1010.9  0.0000
1011.2  0.0000
1011.5  0.0000
1011.8  0.0000
1012.1  0.0000
1012.4  0.0000
1012.6  0.0000
1012.9  0.0000
1013.2  0.0000
1013.5  0.0000
1013.8  0.0000
1014.1  0.0000
1014.4  0.0000
1014.6  0.0000
1014.9  0.0000
1015.2  0.0000
1015.5  0.0000
1015.8  0.0000
1016.1  0.0000
1016.4  0.0000
1016.6  0.0000
1016.9  0.0000
1017.2  0.0000
1017.5  0.0000
1017.8  0.0000
1018.1  0.0000
1018.4  0.0000
1018.6  0.0000
1018.9  0.0000
1019.2  0.0000
1019.5  0.0000
1019.8  0.0000
1020.1  0.0000
1020.4  0.0000
1020.6  0.0000
1020.9  0.0000
1021.2  0.0000
1021.5  0.0000
1021.8  0.0000
1022.1  0.0000
1022.4  0.0000
1022.6  0.0000
1022.9  0.0000
1023.2  0.0000
1023.5  0.0000
