339.89	0.00
340.27	258.00
340.65	257.00
341.03	261.00
341.41	264.00
341.79	289.00
342.18	276.00
342.56	272.00
342.94	270.00
343.32	271.00
343.70	279.00
344.08	276.00
344.46	268.00
344.84	272.00
345.22	273.00
345.60	274.00
345.98	306.00
346.36	275.00
346.74	278.00
347.12	273.00
347.50	302.00
347.89	272.00
348.27	273.00
348.65	275.00
349.03	270.00
349.41	282.00
349.79	281.00
350.17	286.00
350.55	298.00
350.93	301.00
351.31	301.00
351.69	303.00
352.07	299.00
352.45	296.00
352.83	295.00
353.21	298.00
353.59	300.00
353.97	299.00
354.35	291.00
354.72	291.00
355.10	298.00
355.48	295.00
355.86	293.00
356.24	291.00
356.62	295.00
357.00	324.00
357.38	292.00
357.76	289.00
358.14	301.00
358.52	289.00
358.90	290.00
359.28	294.00
359.66	287.00
360.04	286.00
360.41	296.00
360.79	289.00
361.17	284.00
361.55	284.00
361.93	292.00
362.31	288.00
362.69	301.00
363.07	296.00
363.45	342.00
363.82	286.00
364.20	285.00
364.58	286.00
364.96	299.00
365.34	291.00
365.72	287.00
366.10	291.00
366.47	290.00
366.85	295.00
367.23	291.00
367.61	292.00
367.99	291.00
368.37	286.00
368.74	283.00
369.12	290.00
369.50	287.00
369.88	335.00
370.26	322.00
370.64	293.00
371.01	296.00
371.39	291.00
371.77	290.00
372.15	288.00
372.52	292.00
372.90	290.00
373.28	297.00
373.66	292.00
374.04	289.00
374.41	288.00
374.79	330.00
375.17	293.00
375.55	295.00
375.92	296.00
376.30	289.00
376.68	295.00
377.06	294.00
377.43	296.00
377.81	286.00
378.19	286.00
378.56	295.00
378.94	289.00
379.32	293.00
379.70	289.00
380.07	297.00
380.45	293.00
380.83	292.00
381.20	295.00
381.58	293.00
381.96	317.00
382.33	301.00
382.71	294.00
383.09	301.00
383.46	297.00
383.84	296.00
384.22	285.00
384.59	285.00
384.97	291.00
385.35	287.00
385.72	296.00
386.10	300.00
386.48	293.00
386.85	302.00
387.23	286.00
387.60	289.00
387.98	294.00
388.36	291.00
388.73	292.00
389.11	294.00
389.49	288.00
389.86	298.00
390.24	321.00
390.61	296.00
390.99	312.00
391.36	298.00
391.74	297.00
392.12	292.00
392.49	295.00
392.87	291.00
393.24	288.00
393.62	290.00
393.99	295.00
394.37	288.00
394.75	294.00
395.12	293.00
395.50	296.00
395.87	299.00
396.25	292.00
396.62	306.00
397.00	302.00
397.37	290.00
397.75	303.00
398.12	303.00
398.50	289.00
398.87	292.00
399.25	293.00
399.62	291.00
400.00	292.00
400.37	295.00
400.75	327.00
401.12	288.00
401.50	295.00
401.87	294.00
402.25	365.00
402.62	296.00
403.00	295.00
403.37	292.00
403.75	294.00
404.12	295.00
404.49	299.00
404.87	297.00
405.24	297.00
405.62	293.00
405.99	294.00
406.37	295.00
406.74	292.00
407.11	294.00
407.49	293.00
407.86	355.00
408.24	296.00
408.61	295.00
408.98	293.00
409.36	297.00
409.73	298.00
410.11	298.00
410.48	295.00
410.85	291.00
411.23	295.00
411.60	298.00
411.97	294.00
412.35	294.00
412.72	298.00
413.10	291.00
413.47	296.00
413.84	301.00
414.22	300.00
414.59	294.00
414.96	293.00
415.34	319.00
415.71	304.00
416.08	289.00
416.45	300.00
416.83	292.00
417.20	309.00
417.57	294.00
417.95	299.00
418.32	289.00
418.69	297.00
419.07	290.00
419.44	295.00
419.81	298.00
420.18	289.00
420.56	300.00
420.93	294.00
421.30	294.00
421.67	295.00
422.05	288.00
422.42	300.00
422.79	294.00
423.16	296.00
423.54	294.00
423.91	296.00
424.28	293.00
424.65	294.00
425.03	295.00
425.40	300.00
425.77	291.00
426.14	292.00
426.51	288.00
426.89	296.00
427.26	298.00
427.63	290.00
428.00	297.00
428.37	290.00
428.75	291.00
429.12	300.00
429.49	293.00
429.86	295.00
430.23	299.00
430.60	293.00
430.98	295.00
431.35	294.00
431.72	305.00
432.09	300.00
432.46	296.00
432.83	297.00
433.20	294.00
433.58	299.00
433.95	293.00
434.32	307.00
434.69	296.00
435.06	305.00
435.43	294.00
435.80	297.00
436.17	298.00
436.54	296.00
436.92	299.00
437.29	302.00
437.66	300.00
438.03	295.00
438.40	301.00
438.77	301.00
439.14	296.00
439.51	290.00
439.88	296.00
440.25	297.00
440.62	302.00
440.99	294.00
441.36	294.00
441.73	297.00
442.10	295.00
442.47	298.00
442.84	299.00
443.21	301.00
443.58	293.00
443.96	301.00
444.33	297.00
444.70	293.00
445.07	299.00
445.44	291.00
445.81	324.00
446.17	293.00
446.54	298.00
446.91	302.00
447.28	301.00
447.65	314.00
448.02	297.00
448.39	298.00
448.76	301.00
449.13	293.00
449.50	302.00
449.87	295.00
450.24	292.00
450.61	329.00
450.98	300.00
451.35	299.00
451.72	297.00
452.09	296.00
452.46	300.00
452.83	305.00
453.19	297.00
453.56	305.00
453.93	296.00
454.30	302.00
454.67	308.00
455.04	292.00
455.41	304.00
455.78	298.00
456.15	309.00
456.51	313.00
456.88	300.00
457.25	302.00
457.62	298.00
457.99	295.00
458.36	300.00
458.73	299.00
459.09	389.00
459.46	292.00
459.83	303.00
460.20	299.00
460.57	295.00
460.94	301.00
461.30	296.00
461.67	304.00
462.04	324.00
462.41	292.00
462.78	301.00
463.14	298.00
463.51	304.00
463.88	299.00
464.25	300.00
464.62	298.00
464.98	298.00
465.35	301.00
465.72	301.00
466.09	306.00
466.45	300.00
466.82	309.00
467.19	302.00
467.56	296.00
467.92	303.00
468.29	300.00
468.66	301.00
469.03	313.00
469.39	307.00
469.76	301.00
470.13	325.00
470.50	301.00
470.86	303.00
471.23	305.00
471.60	305.00
471.96	300.00
472.33	307.00
472.70	308.00
473.06	309.00
473.43	309.00
473.80	310.00
474.16	317.00
474.53	315.00
474.90	309.00
475.26	309.00
475.63	312.00
476.00	315.00
476.36	324.00
476.73	322.00
477.10	317.00
477.46	322.00
477.83	329.00
478.20	321.00
478.56	322.00
478.93	337.00
479.29	331.00
479.66	338.00
480.03	350.00
480.39	341.00
480.76	339.00
481.12	353.00
481.49	340.00
481.86	349.00
482.22	352.00
482.59	361.00
482.95	359.00
483.32	372.00
483.68	368.00
484.05	367.00
484.42	398.00
484.78	373.00
485.15	383.00
485.51	392.00
485.88	398.00
486.24	398.00
486.61	409.00
486.97	410.00
487.34	413.00
487.70	417.00
488.07	422.00
488.43	431.00
488.80	444.00
489.16	442.00
489.53	453.00
489.89	460.00
490.26	465.00
490.62	464.00
490.99	483.00
491.35	491.00
491.72	495.00
492.08	499.00
492.45	520.00
492.81	526.00
493.18	525.00
493.54	535.00
493.90	549.00
494.27	562.00
494.63	561.00
495.00	567.00
495.36	587.00
495.73	603.00
496.09	597.00
496.45	609.00
496.82	620.00
497.18	627.00
497.55	640.00
497.91	647.00
498.27	656.00
498.64	672.00
499.00	673.00
499.37	665.00
499.73	706.00
500.09	688.00
500.46	724.00
500.82	728.00
501.18	732.00
501.55	735.00
501.91	750.00
502.28	765.00
502.64	775.00
503.00	788.00
503.37	800.00
503.73	817.00
504.09	807.00
504.46	827.00
504.82	825.00
505.18	840.00
505.54	841.00
505.91	856.00
506.27	865.00
506.63	860.00
507.00	882.00
507.36	889.00
507.72	884.00
508.08	900.00
508.45	915.00
508.81	920.00
509.17	930.00
509.54	939.00
509.90	943.00
510.26	949.00
510.62	959.00
510.99	962.00
511.35	975.00
511.71	979.00
512.07	991.00
512.43	989.00
512.80	999.00
513.16	1005.00
513.52	1009.00
513.88	995.00
514.25	1019.00
514.61	1007.00
514.97	1032.00
515.33	1021.00
515.69	1029.00
516.05	1031.00
516.42	1047.00
516.78	1035.00
517.14	1046.00
517.50	1041.00
517.86	1035.00
518.23	1047.00
518.59	1044.00
518.95	1053.00
519.31	1037.00
519.67	1039.00
520.03	1038.00
520.39	1044.00
520.75	1045.00
521.12	1047.00
521.48	1030.00
521.84	1027.00
522.20	1035.00
522.56	1019.00
522.92	1036.00
523.28	1004.00
523.64	1020.00
524.00	1013.00
524.37	1030.00
524.73	1027.00
525.09	1020.00
525.45	997.00
525.81	1012.00
526.17	987.00
526.53	986.00
526.89	997.00
527.25	985.00
527.61	977.00
527.97	968.00
528.33	965.00
528.69	949.00
529.05	944.00
529.41	935.00
529.77	933.00
530.13	943.00
530.49	940.00
530.85	929.00
531.21	911.00
531.57	907.00
531.93	906.00
532.29	891.00
532.65	888.00
533.01	877.00
533.37	860.00
533.73	866.00
534.09	860.00
534.45	860.00
534.81	855.00
535.17	841.00
535.53	851.00
535.89	835.00
536.25	821.00
536.61	823.00
536.97	806.00
537.33	807.00
537.69	809.00
538.04	807.00
538.40	793.00
538.76	797.00
539.12	767.00
539.48	777.00
539.84	788.00
540.20	768.00
540.56	745.00
540.92	762.00
541.28	757.00
541.63	759.00
541.99	755.00
542.35	736.00
542.71	749.00
543.07	754.00
543.43	754.00
543.79	751.00
544.14	751.00
544.50	741.00
544.86	739.00
545.22	745.00
545.58	738.00
545.94	754.00
546.29	747.00
546.65	739.00
547.01	764.00
547.37	753.00
547.73	765.00
548.08	754.00
548.44	761.00
548.80	755.00
549.16	762.00
549.52	762.00
549.87	771.00
550.23	783.00
550.59	771.00
550.95	792.00
551.30	791.00
551.66	800.00
552.02	795.00
552.38	827.00
552.73	838.00
553.09	819.00
553.45	846.00
553.81	862.00
554.16	846.00
554.52	864.00
554.88	883.00
555.23	879.00
555.59	885.00
555.95	900.00
556.31	909.00
556.66	906.00
557.02	942.00
557.38	950.00
557.73	946.00
558.09	952.00
558.45	983.00
558.80	995.00
559.16	987.00
559.52	1013.00
559.87	1023.00
560.23	1059.00
560.59	1065.00
560.94	1059.00
561.30	1084.00
561.65	1093.00
562.01	1112.00
562.37	1115.00
562.72	1137.00
563.08	1159.00
563.43	1167.00
563.79	1174.00
564.15	1205.00
564.50	1200.00
564.86	1243.00
565.21	1275.00
565.57	1280.00
565.93	1259.00
566.28	1319.00
566.64	1260.00
566.99	1322.00
567.35	1303.00
567.70	1341.00
568.06	1326.00
568.41	1349.00
568.77	1359.00
569.13	1387.00
569.48	1402.00
569.84	1391.00
570.19	1424.00
570.55	1422.00
570.90	1465.00
571.26	1439.00
571.61	1457.00
571.97	1485.00
572.32	1487.00
572.68	1485.00
573.03	1492.00
573.39	1538.00
573.74	1517.00
574.10	1554.00
574.45	1546.00
574.81	1561.00
575.16	1570.00
575.51	1615.00
575.87	1611.00
576.22	1599.00
576.58	1606.00
576.93	1610.00
577.29	1623.00
577.64	1625.00
577.99	1604.00
578.35	1617.00
578.70	1647.00
579.06	1658.00
579.41	1648.00
579.77	1658.00
580.12	1668.00
580.47	1663.00
580.83	1663.00
581.18	1679.00
581.53	1671.00
581.89	1692.00
582.24	1700.00
582.60	1692.00
582.95	1693.00
583.30	1675.00
583.66	1691.00
584.01	1676.00
584.36	1687.00
584.72	1701.00
585.07	1714.00
585.42	1725.00
585.78	1699.00
586.13	1690.00
586.48	1702.00
586.84	1689.00
587.19	1708.00
587.54	1685.00
587.90	1687.00
588.25	1683.00
588.60	1682.00
588.95	1666.00
589.31	1674.00
589.66	1657.00
590.01	1649.00
590.36	1658.00
590.72	1628.00
591.07	1662.00
591.42	1655.00
591.78	1626.00
592.13	1615.00
592.48	1614.00
592.83	1622.00
593.18	1588.00
593.54	1600.00
593.89	1594.00
594.24	1578.00
594.59	1593.00
594.95	1569.00
595.30	1559.00
595.65	1534.00
596.00	1545.00
596.35	1524.00
596.71	1542.00
597.06	1517.00
597.41	1497.00
597.76	1492.00
598.11	1458.00
598.46	1455.00
598.82	1454.00
599.17	1444.00
599.52	1432.00
599.87	1414.00
600.22	1420.00
600.57	1411.00
600.92	1404.00
601.27	1396.00
601.63	1374.00
601.98	1359.00
602.33	1360.00
602.68	1348.00
603.03	1335.00
603.38	1319.00
603.73	1311.00
604.08	1299.00
604.43	1295.00
604.79	1286.00
605.14	1275.00
605.49	1272.00
605.84	1241.00
606.19	1251.00
606.54	1258.00
606.89	1237.00
607.24	1215.00
607.59	1202.00
607.94	1204.00
608.29	1195.00
608.64	1173.00
608.99	1169.00
609.34	1158.00
609.69	1153.00
610.04	1153.00
610.39	1129.00
610.74	1139.00
611.09	1127.00
611.44	1101.00
611.79	1103.00
612.14	1100.00
612.49	1073.00
612.84	1059.00
613.19	1058.00
613.54	1063.00
613.89	1045.00
614.24	1047.00
614.59	1024.00
614.94	1042.00
615.29	1026.00
615.64	1020.00
615.99	1018.00
616.34	997.00
616.69	993.00
617.03	981.00
617.38	971.00
617.73	973.00
618.08	961.00
618.43	1006.00
618.78	951.00
619.13	965.00
619.48	940.00
619.83	936.00
620.18	939.00
620.52	926.00
620.87	923.00
621.22	917.00
621.57	911.00
621.92	885.00
622.27	891.00
622.62	907.00
622.96	877.00
623.31	890.00
623.66	867.00
624.01	863.00
624.36	868.00
624.71	849.00
625.05	872.00
625.40	846.00
625.75	834.00
626.10	835.00
626.45	844.00
626.79	813.00
627.14	821.00
627.49	819.00
627.84	809.00
628.18	814.00
628.53	809.00
628.88	797.00
629.23	779.00
629.58	784.00
629.92	782.00
630.27	776.00
630.62	777.00
630.97	771.00
631.31	770.00
631.66	796.00
632.01	763.00
632.35	749.00
632.70	737.00
633.05	757.00
633.40	739.00
633.74	738.00
634.09	739.00
634.44	734.00
634.78	715.00
635.13	715.00
635.48	716.00
635.82	729.00
636.17	709.00
636.52	708.00
636.86	706.00
637.21	700.00
637.56	691.00
637.90	702.00
638.25	678.00
638.60	689.00
638.94	695.00
639.29	683.00
639.63	669.00
639.98	661.00
640.33	658.00
640.67	666.00
641.02	664.00
641.36	640.00
641.71	644.00
642.06	649.00
642.40	641.00
642.75	635.00
643.09	636.00
643.44	633.00
643.79	632.00
644.13	631.00
644.48	625.00
644.82	611.00
645.17	614.00
645.51	605.00
645.86	616.00
646.20	590.00
646.55	615.00
646.89	600.00
647.24	606.00
647.58	602.00
647.93	593.00
648.27	592.00
648.62	578.00
648.96	581.00
649.31	578.00
649.65	574.00
650.00	568.00
650.34	575.00
650.69	566.00
651.03	563.00
651.38	553.00
651.72	561.00
652.07	556.00
652.41	544.00
652.76	547.00
653.10	545.00
653.44	564.00
653.79	548.00
654.13	549.00
654.48	537.00
654.82	531.00
655.17	532.00
655.51	531.00
655.85	533.00
656.20	533.00
656.54	530.00
656.89	524.00
657.23	521.00
657.57	513.00
657.92	510.00
658.26	507.00
658.60	508.00
658.95	514.00
659.29	516.00
659.63	514.00
659.98	508.00
660.32	504.00
660.66	503.00
661.01	506.00
661.35	504.00
661.69	495.00
662.04	484.00
662.38	490.00
662.72	489.00
663.07	488.00
663.41	489.00
663.75	489.00
664.10	487.00
664.44	485.00
664.78	475.00
665.12	488.00
665.47	482.00
665.81	502.00
666.15	478.00
666.49	470.00
666.84	464.00
667.18	471.00
667.52	465.00
667.86	465.00
668.21	461.00
668.55	462.00
668.89	450.00
669.23	457.00
669.58	460.00
669.92	457.00
670.26	473.00
670.60	462.00
670.94	456.00
671.29	463.00
671.63	459.00
671.97	453.00
672.31	453.00
672.65	450.00
672.99	444.00
673.34	443.00
673.68	445.00
674.02	446.00
674.36	441.00
674.70	434.00
675.04	438.00
675.38	439.00
675.73	443.00
676.07	435.00
676.41	436.00
676.75	433.00
677.09	433.00
677.43	439.00
677.77	440.00
678.11	433.00
678.45	435.00
678.79	428.00
679.14	444.00
679.48	427.00
679.82	426.00
680.16	427.00
680.50	429.00
680.84	424.00
681.18	413.00
681.52	425.00
681.86	425.00
682.20	423.00
682.54	423.00
682.88	419.00
683.22	426.00
683.56	428.00
683.90	423.00
684.24	403.00
684.58	405.00
684.92	432.00
685.26	416.00
685.60	416.00
685.94	412.00
686.28	434.00
686.62	406.00
686.96	412.00
687.30	412.00
687.64	406.00
687.98	409.00
688.32	403.00
688.66	420.00
689.00	402.00
689.34	406.00
689.68	408.00
690.02	404.00
690.36	408.00
690.69	410.00
691.03	399.00
691.37	405.00
691.71	399.00
692.05	397.00
692.39	411.00
692.73	398.00
693.07	401.00
693.41	398.00
693.75	391.00
694.08	396.00
694.42	399.00
694.76	412.00
695.10	405.00
695.44	398.00
695.78	401.00
696.12	392.00
696.45	398.00
696.79	397.00
697.13	391.00
697.47	394.00
697.81	397.00
698.14	395.00
698.48	389.00
698.82	396.00
699.16	402.00
699.50	400.00
699.83	385.00
700.17	388.00
700.51	393.00
700.85	397.00
701.19	393.00
701.52	386.00
701.86	394.00
702.20	397.00
702.54	387.00
702.87	397.00
703.21	392.00
703.55	395.00
703.89	384.00
704.22	390.00
704.56	392.00
704.90	389.00
705.23	398.00
705.57	388.00
705.91	401.00
706.25	387.00
706.58	390.00
706.92	379.00
707.26	390.00
707.59	394.00
707.93	437.00
708.27	390.00
708.60	384.00
708.94	391.00
709.28	393.00
709.61	391.00
709.95	397.00
710.28	393.00
710.62	382.00
710.96	390.00
711.29	396.00
711.63	389.00
711.97	389.00
712.30	394.00
712.64	392.00
712.97	397.00
713.31	381.00
713.65	393.00
713.98	378.00
714.32	385.00
714.65	395.00
714.99	389.00
715.32	390.00
715.66	389.00
716.00	389.00
716.33	395.00
716.67	426.00
717.00	388.00
717.34	384.00
717.67	386.00
718.01	395.00
718.34	392.00
718.68	389.00
719.01	396.00
719.35	389.00
719.68	393.00
720.02	383.00
720.35	396.00
720.69	398.00
721.02	390.00
721.36	405.00
721.69	387.00
722.03	390.00
722.36	392.00
722.70	397.00
723.03	393.00
723.37	389.00
723.70	392.00
724.03	394.00
724.37	399.00
724.70	395.00
725.04	403.00
725.37	397.00
725.71	399.00
726.04	399.00
726.37	390.00
726.71	396.00
727.04	398.00
727.38	395.00
727.71	403.00
728.04	391.00
728.38	405.00
728.71	408.00
729.04	409.00
729.38	395.00
729.71	405.00
730.05	395.00
730.38	395.00
730.71	394.00
731.05	410.00
731.38	403.00
731.71	400.00
732.05	408.00
732.38	400.00
732.71	403.00
733.04	403.00
733.38	411.00
733.71	412.00
734.04	407.00
734.38	410.00
734.71	407.00
735.04	412.00
735.37	401.00
735.71	417.00
736.04	411.00
736.37	406.00
736.71	420.00
737.04	417.00
737.37	413.00
737.70	405.00
738.03	409.00
738.37	410.00
738.70	411.00
739.03	418.00
739.36	407.00
739.70	410.00
740.03	411.00
740.36	414.00
740.69	417.00
741.02	406.00
741.36	422.00
741.69	413.00
742.02	409.00
742.35	404.00
742.68	412.00
743.01	414.00
743.35	411.00
743.68	411.00
744.01	412.00
744.34	418.00
744.67	425.00
745.00	417.00
745.33	413.00
745.66	424.00
746.00	423.00
746.33	420.00
746.66	426.00
746.99	415.00
747.32	418.00
747.65	418.00
747.98	413.00
748.31	423.00
748.64	416.00
748.97	420.00
749.30	428.00
749.64	810.00
749.97	419.00
750.30	415.00
750.63	420.00
750.96	420.00
751.29	427.00
751.62	439.00
751.95	424.00
752.28	429.00
752.61	429.00
752.94	427.00
753.27	420.00
753.60	431.00
753.93	441.00
754.26	430.00
754.59	420.00
754.92	432.00
755.25	431.00
755.58	425.00
755.91	438.00
756.24	416.00
756.57	427.00
756.90	427.00
757.23	426.00
757.55	436.00
757.88	419.00
758.21	419.00
758.54	422.00
758.87	428.00
759.20	431.00
759.53	431.00
759.86	428.00
760.19	426.00
760.52	438.00
760.85	430.00
761.18	426.00
761.50	438.00
761.83	418.00
762.16	416.00
762.49	428.00
762.82	428.00
763.15	419.00
763.48	423.00
763.80	427.00
764.13	421.00
764.46	428.00
764.79	425.00
765.12	423.00
765.45	424.00
765.77	429.00
766.10	433.00
766.43	429.00
766.76	430.00
767.09	811.00
767.41	417.00
767.74	424.00
768.07	423.00
768.40	423.00
768.73	419.00
769.05	428.00
769.38	428.00
769.71	427.00
770.04	433.00
770.36	432.00
770.69	420.00
771.02	419.00
771.34	426.00
771.67	422.00
772.00	426.00
772.33	416.00
772.65	415.00
772.98	417.00
773.31	425.00
773.63	416.00
773.96	414.00
774.29	429.00
774.62	433.00
774.94	413.00
775.27	421.00
775.60	422.00
775.92	422.00
776.25	421.00
776.58	415.00
776.90	455.00
777.23	438.00
777.55	415.00
777.88	419.00
778.21	411.00
778.53	441.00
778.86	412.00
779.19	414.00
779.51	422.00
779.84	418.00
780.16	412.00
780.49	413.00
780.81	421.00
781.14	415.00
781.47	413.00
781.79	410.00
782.12	427.00
782.44	414.00
782.77	414.00
783.09	420.00
783.42	407.00
783.75	414.00
784.07	410.00
784.40	411.00
784.72	412.00
785.05	419.00
785.37	411.00
785.70	409.00
786.02	398.00
786.35	412.00
786.67	403.00
787.00	413.00
787.32	429.00
787.65	410.00
787.97	403.00
788.30	411.00
788.62	402.00
788.94	397.00
789.27	406.00
789.59	405.00
789.92	402.00
790.24	395.00
790.57	399.00
790.89	397.00
791.22	393.00
791.54	391.00
791.86	407.00
792.19	401.00
792.51	407.00
792.84	402.00
793.16	391.00
793.48	400.00
793.81	396.00
794.13	398.00
794.45	388.00
794.78	400.00
795.10	386.00
795.43	399.00
795.75	396.00
796.07	392.00
796.40	418.00
796.72	420.00
797.04	395.00
797.37	389.00
797.69	389.00
798.01	396.00
798.34	403.00
798.66	391.00
798.98	384.00
799.30	392.00
799.63	396.00
799.95	417.00
800.27	385.00
800.60	382.00
800.92	387.00
801.24	386.00
801.56	387.00
801.89	383.00
802.21	389.00
802.53	387.00
802.85	384.00
803.18	379.00
803.50	377.00
803.82	383.00
804.14	379.00
804.46	385.00
804.79	383.00
805.11	380.00
805.43	378.00
805.75	375.00
806.07	377.00
806.40	382.00
806.72	379.00
807.04	401.00
807.36	376.00
807.68	382.00
808.00	380.00
808.33	383.00
808.65	384.00
808.97	380.00
809.29	379.00
809.61	382.00
809.93	381.00
810.25	383.00
810.58	376.00
810.90	377.00
811.22	371.00
811.54	375.00
811.86	380.00
812.18	375.00
812.50	369.00
812.82	374.00
813.14	368.00
813.46	379.00
813.78	370.00
814.10	364.00
814.43	385.00
814.75	370.00
815.07	374.00
815.39	368.00
815.71	386.00
816.03	384.00
816.35	368.00
816.67	374.00
816.99	369.00
817.31	375.00
817.63	374.00
817.95	373.00
818.27	370.00
818.59	369.00
818.91	379.00
819.23	374.00
819.55	367.00
819.87	360.00
820.19	369.00
820.51	367.00
820.83	363.00
821.14	364.00
821.46	373.00
821.78	372.00
822.10	367.00
822.42	364.00
822.74	363.00
823.06	368.00
823.38	361.00
823.70	364.00
824.02	366.00
824.34	364.00
824.66	363.00
824.97	374.00
825.29	367.00
825.61	368.00
825.93	368.00
826.25	373.00
826.57	381.00
826.89	369.00
827.20	366.00
827.52	368.00
827.84	362.00
828.16	370.00
828.48	367.00
828.80	365.00
829.11	371.00
829.43	365.00
829.75	399.00
830.07	371.00
830.39	370.00
830.70	371.00
831.02	367.00
831.34	371.00
831.66	356.00
831.98	366.00
832.29	367.00
832.61	359.00
832.93	365.00
833.25	382.00
833.56	371.00
833.88	370.00
834.20	359.00
834.52	362.00
834.83	369.00
835.15	366.00
835.47	359.00
835.78	370.00
836.10	354.00
836.42	366.00
836.73	359.00
837.05	359.00
837.37	367.00
837.68	362.00
838.00	377.00
838.32	369.00
838.63	370.00
838.95	364.00
839.27	364.00
839.58	369.00
839.90	361.00
840.22	366.00
840.53	365.00
840.85	357.00
841.17	361.00
841.48	358.00
841.80	369.00
842.11	363.00
842.43	354.00
842.75	363.00
843.06	358.00
843.38	359.00
843.69	363.00
844.01	363.00
844.32	361.00
844.64	367.00
844.96	367.00
845.27	369.00
845.59	365.00
845.90	370.00
846.22	358.00
846.53	360.00
846.85	362.00
847.16	369.00
847.48	370.00
847.79	363.00
848.11	363.00
848.42	355.00
848.74	354.00
849.05	355.00
849.37	367.00
849.68	362.00
850.00	362.00
850.31	355.00
850.63	362.00
850.94	368.00
851.26	358.00
851.57	365.00
851.88	361.00
852.20	357.00
852.51	354.00
852.83	361.00
853.14	364.00
853.46	364.00
853.77	357.00
854.08	361.00
854.40	358.00
854.71	366.00
855.03	363.00
855.34	361.00
855.65	356.00
855.97	362.00
856.28	360.00
856.59	362.00
856.91	356.00
857.22	356.00
857.53	358.00
857.85	358.00
858.16	358.00
858.47	356.00
858.79	360.00
859.10	360.00
859.41	353.00
859.73	360.00
860.04	359.00
860.35	358.00
860.67	362.00
860.98	356.00
861.29	357.00
861.60	356.00
861.92	353.00
862.23	352.00
862.54	351.00
862.86	350.00
863.17	357.00
863.48	360.00
863.79	353.00
864.10	359.00
864.42	357.00
864.73	354.00
865.04	359.00
865.35	353.00
865.67	363.00
865.98	350.00
866.29	358.00
866.60	355.00
866.91	353.00
867.23	355.00
867.54	355.00
867.85	353.00
868.16	354.00
868.47	349.00
868.78	348.00
869.09	345.00
869.41	360.00
869.72	351.00
870.03	347.00
870.34	347.00
870.65	353.00
870.96	345.00
871.27	354.00
871.58	353.00
871.90	352.00
872.21	345.00
872.52	347.00
872.83	353.00
873.14	347.00
873.45	353.00
873.76	361.00
874.07	351.00
874.38	342.00
874.69	349.00
875.00	348.00
875.31	347.00
875.62	345.00
875.93	349.00
876.24	349.00
876.55	349.00
876.86	350.00
877.17	340.00
877.48	346.00
877.79	346.00
878.10	351.00
878.41	355.00
878.72	339.00
879.03	347.00
879.34	347.00
879.65	341.00
879.96	345.00
880.27	347.00
880.58	352.00
880.89	343.00
881.20	346.00
881.51	340.00
881.82	345.00
882.13	358.00
882.44	350.00
882.75	344.00
883.06	349.00
883.37	347.00
883.67	342.00
883.98	342.00
884.29	343.00
884.60	340.00
884.91	338.00
885.22	370.00
885.53	341.00
885.84	343.00
886.14	340.00
886.45	337.00
886.76	343.00
887.07	340.00
887.38	340.00
887.69	350.00
887.99	341.00
888.30	336.00
888.61	345.00
888.92	339.00
889.23	340.00
889.53	333.00
889.84	336.00
890.15	343.00
890.46	357.00
890.77	339.00
891.07	335.00
891.38	338.00
891.69	338.00
892.00	334.00
892.30	332.00
892.61	341.00
892.92	335.00
893.23	336.00
893.53	339.00
893.84	330.00
894.15	331.00
894.45	346.00
894.76	335.00
895.07	336.00
895.38	325.00
895.68	340.00
895.99	337.00
896.30	329.00
896.60	335.00
896.91	333.00
897.22	342.00
897.52	341.00
897.83	341.00
898.14	328.00
898.44	327.00
898.75	328.00
899.05	330.00
899.36	327.00
899.67	331.00
899.97	332.00
900.28	356.00
900.58	347.00
900.89	342.00
901.20	321.00
901.50	327.00
901.81	336.00
902.11	346.00
902.42	329.00
902.73	336.00
903.03	339.00
903.34	331.00
903.64	330.00
903.95	330.00
904.25	332.00
904.56	326.00
904.86	325.00
905.17	331.00
905.47	321.00
905.78	328.00
906.08	335.00
906.39	333.00
906.69	332.00
907.00	334.00
907.30	338.00
907.61	331.00
907.91	332.00
908.22	326.00
908.52	339.00
908.83	324.00
909.13	337.00
909.44	324.00
909.74	329.00
910.04	329.00
910.35	349.00
910.65	324.00
910.96	322.00
911.26	329.00
911.56	326.00
911.87	328.00
912.17	323.00
912.48	329.00
912.78	327.00
913.08	326.00
913.39	350.00
913.69	320.00
914.00	333.00
914.30	328.00
914.60	328.00
914.91	329.00
915.21	327.00
915.51	318.00
915.82	330.00
916.12	328.00
916.42	325.00
916.73	319.00
917.03	339.00
917.33	319.00
917.63	318.00
917.94	329.00
918.24	323.00
918.54	319.00
918.85	320.00
919.15	321.00
919.45	322.00
919.75	319.00
920.06	318.00
920.36	327.00
920.66	314.00
920.96	324.00
921.27	319.00
921.57	323.00
921.87	330.00
922.17	321.00
922.47	331.00
922.78	321.00
923.08	323.00
923.38	318.00
923.68	320.00
923.98	319.00
924.29	317.00
924.59	319.00
924.89	323.00
925.19	321.00
925.49	321.00
925.79	324.00
926.10	323.00
926.40	318.00
926.70	318.00
927.00	344.00
927.30	315.00
927.60	321.00
927.90	318.00
928.20	319.00
928.50	313.00
928.81	317.00
929.11	312.00
929.41	313.00
929.71	319.00
930.01	311.00
930.31	322.00
930.61	317.00
930.91	320.00
931.21	310.00
931.51	317.00
931.81	314.00
932.11	309.00
932.41	313.00
932.71	317.00
933.01	318.00
933.31	323.00
933.61	313.00
933.91	319.00
934.21	324.00
934.51	322.00
934.81	320.00
935.11	321.00
935.41	308.00
935.71	318.00
936.01	316.00
936.31	313.00
936.61	313.00
936.91	309.00
937.21	320.00
937.51	319.00
937.81	318.00
938.11	320.00
938.41	315.00
938.70	307.00
939.00	310.00
939.30	317.00
939.60	309.00
939.90	313.00
940.20	312.00
940.50	310.00
940.80	314.00
941.10	316.00
941.39	323.00
941.69	315.00
941.99	348.00
942.29	314.00
942.59	316.00
942.89	314.00
943.18	314.00
943.48	310.00
943.78	307.00
944.08	308.00
944.38	311.00
944.68	316.00
944.97	313.00
945.27	316.00
945.57	306.00
945.87	305.00
946.16	308.00
946.46	305.00
946.76	312.00
947.06	311.00
947.35	307.00
947.65	305.00
947.95	308.00
948.25	309.00
948.54	308.00
948.84	306.00
949.14	311.00
949.44	309.00
949.73	303.00
950.03	308.00
950.33	311.00
950.62	309.00
950.92	315.00
951.22	303.00
951.51	301.00
951.81	314.00
952.11	307.00
952.40	315.00
952.70	312.00
953.00	304.00
953.29	304.00
953.59	301.00
953.89	301.00
954.18	302.00
954.48	307.00
954.77	306.00
955.07	302.00
955.37	304.00
955.66	324.00
955.96	313.00
956.25	297.00
956.55	311.00
956.85	307.00
957.14	304.00
957.44	305.00
957.73	304.00
958.03	314.00
958.32	300.00
958.62	304.00
958.91	306.00
959.21	303.00
959.50	304.00
959.80	304.00
960.09	307.00
960.39	314.00
960.68	301.00
960.98	309.00
961.27	298.00
961.57	302.00
961.86	306.00
962.16	305.00
962.45	296.00
962.75	299.00
963.04	301.00
963.34	302.00
963.63	321.00
963.93	303.00
964.22	298.00
964.51	298.00
964.81	300.00
965.10	342.00
965.40	311.00
965.69	297.00
965.98	304.00
966.28	302.00
966.57	303.00
966.87	298.00
967.16	306.00
967.45	301.00
967.75	302.00
968.04	307.00
968.33	309.00
968.63	299.00
968.92	292.00
969.21	301.00
969.51	300.00
969.80	308.00
970.09	307.00
970.39	298.00
970.68	295.00
970.97	317.00
971.27	305.00
971.56	305.00
971.85	306.00
972.14	300.00
972.44	302.00
972.73	298.00
973.02	301.00
973.32	302.00
973.61	291.00
973.90	304.00
974.19	298.00
974.48	300.00
974.78	299.00
975.07	413.00
975.36	310.00
975.65	297.00
975.95	308.00
976.24	301.00
976.53	304.00
976.82	297.00
977.11	305.00
977.40	302.00
977.70	301.00
977.99	301.00
978.28	301.00
978.57	298.00
978.86	299.00
979.15	305.00
979.45	297.00
979.74	304.00
980.03	299.00
980.32	302.00
980.61	296.00
980.90	300.00
981.19	301.00
981.48	293.00
981.77	293.00
982.07	303.00
982.36	300.00
982.65	302.00
982.94	301.00
983.23	305.00
983.52	300.00
983.81	306.00
984.10	298.00
984.39	311.00
984.68	299.00
984.97	306.00
985.26	304.00
985.55	303.00
985.84	297.00
986.13	298.00
986.42	307.00
986.71	307.00
987.00	304.00
987.29	305.00
987.58	324.00
987.87	303.00
988.16	301.00
988.45	301.00
988.74	309.00
989.03	300.00
989.32	301.00
989.61	304.00
989.90	305.00
990.19	307.00
990.48	313.00
990.76	303.00
991.05	307.00
991.34	302.00
991.63	300.00
991.92	303.00
992.21	304.00
992.50	344.00
992.79	349.00
993.08	305.00
993.36	302.00
993.65	304.00
993.94	299.00
994.23	301.00
994.52	303.00
994.81	304.00
995.09	305.00
995.38	303.00
995.67	307.00
995.96	300.00
996.25	303.00
996.54	301.00
996.82	308.00
997.11	307.00
997.40	303.00
997.69	304.00
997.97	302.00
998.26	303.00
998.55	339.00
998.84	326.00
999.12	299.00
999.41	300.00
999.70	309.00
999.99	306.00
1000.27	315.00
1000.56	307.00
1000.85	300.00
1001.14	308.00
1001.42	304.00
1001.71	303.00
1002.00	301.00
1002.28	302.00
1002.57	306.00
1002.86	298.00
1003.14	308.00
1003.43	299.00
1003.72	308.00
1004.00	309.00
1004.29	309.00
1004.58	314.00
1004.86	300.00
1005.15	307.00
1005.44	304.00
1005.72	308.00
1006.01	301.00
1006.29	309.00
1006.58	327.00
1006.87	300.00
1007.15	311.00
1007.44	301.00
1007.72	305.00
1008.01	299.00
1008.29	306.00
1008.58	301.00
1008.87	304.00
1009.15	301.00
1009.44	301.00
1009.72	305.00
1010.01	303.00
1010.29	303.00
1010.58	301.00
1010.86	300.00
1011.15	302.00
1011.43	303.00
1011.72	304.00
1012.00	305.00
1012.29	310.00
1012.57	305.00
1012.86	303.00
1013.14	302.00
1013.43	308.00
1013.71	304.00
1013.99	297.00
1014.28	300.00
1014.56	311.00
1014.85	298.00
1015.13	301.00
1015.42	309.00
1015.70	300.00
1015.98	296.00
1016.27	305.00
1016.55	300.00
1016.84	312.00
1017.12	299.00
1017.40	316.00
1017.69	302.00
1017.97	300.00
1018.26	303.00
1018.54	298.00
1018.82	303.00
1019.11	305.00
1019.39	301.00
1019.67	304.00
1019.96	304.00
1020.24	296.00
1020.52	296.00
1020.81	299.00
1021.09	306.00
1021.37	300.00
1021.65	306.00
1021.94	304.00
1022.22	308.00
1022.50	305.00
1022.79	299.00
1023.07	299.00
1023.35	301.00
1023.63	312.00
1023.92	311.00
1024.20	296.00
1024.48	339.00
1024.76	305.00
1025.04	304.00
1025.33	296.00
1025.61	305.00
