339.89	0.00
340.27	279.00
340.65	276.00
341.03	282.00
341.41	280.00
341.79	283.00
342.18	283.00
342.56	285.00
342.94	281.00
343.32	283.00
343.70	291.00
344.08	286.00
344.46	285.00
344.84	288.00
345.22	290.00
345.60	289.00
345.98	286.00
346.36	285.00
346.74	285.00
347.12	286.00
347.50	289.00
347.89	284.00
348.27	284.00
348.65	285.00
349.03	284.00
349.41	279.00
349.79	289.00
350.17	288.00
350.55	292.00
350.93	284.00
351.31	284.00
351.69	285.00
352.07	288.00
352.45	284.00
352.83	289.00
353.21	288.00
353.59	284.00
353.97	293.00
354.35	288.00
354.72	290.00
355.10	288.00
355.48	287.00
355.86	286.00
356.24	292.00
356.62	281.00
357.00	286.00
357.38	290.00
357.76	285.00
358.14	283.00
358.52	286.00
358.90	289.00
359.28	287.00
359.66	291.00
360.04	291.00
360.41	291.00
360.79	289.00
361.17	290.00
361.55	286.00
361.93	292.00
362.31	288.00
362.69	285.00
363.07	285.00
363.45	289.00
363.82	288.00
364.20	286.00
364.58	288.00
364.96	281.00
365.34	289.00
365.72	294.00
366.10	285.00
366.47	291.00
366.85	287.00
367.23	286.00
367.61	290.00
367.99	288.00
368.37	293.00
368.74	291.00
369.12	290.00
369.50	289.00
369.88	287.00
370.26	294.00
370.64	288.00
371.01	286.00
371.39	292.00
371.77	289.00
372.15	295.00
372.52	294.00
372.90	293.00
373.28	287.00
373.66	292.00
374.04	294.00
374.41	290.00
374.79	300.00
375.17	289.00
375.55	294.00
375.92	287.00
376.30	292.00
376.68	285.00
377.06	289.00
377.43	295.00
377.81	290.00
378.19	294.00
378.56	295.00
378.94	297.00
379.32	291.00
379.70	290.00
380.07	292.00
380.45	290.00
380.83	290.00
381.20	297.00
381.58	294.00
381.96	288.00
382.33	291.00
382.71	291.00
383.09	289.00
383.46	291.00
383.84	291.00
384.22	289.00
384.59	287.00
384.97	292.00
385.35	286.00
385.72	293.00
386.10	291.00
386.48	294.00
386.85	292.00
387.23	289.00
387.60	289.00
387.98	288.00
388.36	284.00
388.73	293.00
389.11	286.00
389.49	291.00
389.86	295.00
390.24	293.00
390.61	296.00
390.99	292.00
391.36	294.00
391.74	297.00
392.12	289.00
392.49	293.00
392.87	295.00
393.24	291.00
393.62	294.00
393.99	295.00
394.37	289.00
394.75	295.00
395.12	292.00
395.50	297.00
395.87	294.00
396.25	287.00
396.62	292.00
397.00	292.00
397.37	291.00
397.75	288.00
398.12	293.00
398.50	290.00
398.87	290.00
399.25	295.00
399.62	295.00
400.00	297.00
400.37	291.00
400.75	296.00
401.12	295.00
401.50	292.00
401.87	287.00
402.25	297.00
402.62	292.00
403.00	293.00
403.37	294.00
403.75	293.00
404.12	291.00
404.49	293.00
404.87	295.00
405.24	287.00
405.62	295.00
405.99	294.00
406.37	286.00
406.74	290.00
407.11	290.00
407.49	291.00
407.86	295.00
408.24	297.00
408.61	294.00
408.98	292.00
409.36	287.00
409.73	291.00
410.11	287.00
410.48	297.00
410.85	294.00
411.23	296.00
411.60	299.00
411.97	289.00
412.35	293.00
412.72	296.00
413.10	297.00
413.47	291.00
413.84	289.00
414.22	295.00
414.59	287.00
414.96	288.00
415.34	297.00
415.71	289.00
416.08	292.00
416.45	291.00
416.83	292.00
417.20	293.00
417.57	292.00
417.95	298.00
418.32	297.00
418.69	293.00
419.07	288.00
419.44	293.00
419.81	293.00
420.18	291.00
420.56	291.00
420.93	292.00
421.30	293.00
421.67	290.00
422.05	294.00
422.42	289.00
422.79	292.00
423.16	289.00
423.54	293.00
423.91	293.00
424.28	294.00
424.65	289.00
425.03	293.00
425.40	295.00
425.77	292.00
426.14	291.00
426.51	291.00
426.89	293.00
427.26	289.00
427.63	289.00
428.00	293.00
428.37	294.00
428.75	293.00
429.12	288.00
429.49	291.00
429.86	289.00
430.23	292.00
430.60	289.00
430.98	294.00
431.35	292.00
431.72	296.00
432.09	290.00
432.46	292.00
432.83	289.00
433.20	290.00
433.58	293.00
433.95	285.00
434.32	294.00
434.69	293.00
435.06	287.00
435.43	294.00
435.80	292.00
436.17	296.00
436.54	290.00
436.92	294.00
437.29	294.00
437.66	293.00
438.03	294.00
438.40	294.00
438.77	294.00
439.14	293.00
439.51	292.00
439.88	292.00
440.25	293.00
440.62	294.00
440.99	295.00
441.36	297.00
441.73	288.00
442.10	291.00
442.47	295.00
442.84	298.00
443.21	289.00
443.58	288.00
443.96	293.00
444.33	291.00
444.70	297.00
445.07	288.00
445.44	288.00
445.81	296.00
446.17	291.00
446.54	292.00
446.91	296.00
447.28	295.00
447.65	293.00
448.02	294.00
448.39	289.00
448.76	287.00
449.13	288.00
449.50	295.00
449.87	291.00
450.24	287.00
450.61	289.00
450.98	294.00
451.35	291.00
451.72	287.00
452.09	295.00
452.46	292.00
452.83	287.00
453.19	290.00
453.56	285.00
453.93	287.00
454.30	292.00
454.67	290.00
455.04	295.00
455.41	297.00
455.78	288.00
456.15	291.00
456.51	291.00
456.88	296.00
457.25	285.00
457.62	287.00
457.99	288.00
458.36	288.00
458.73	292.00
459.09	293.00
459.46	290.00
459.83	289.00
460.20	292.00
460.57	292.00
460.94	293.00
461.30	291.00
461.67	290.00
462.04	297.00
462.41	288.00
462.78	288.00
463.14	289.00
463.51	290.00
463.88	290.00
464.25	294.00
464.62	288.00
464.98	292.00
465.35	293.00
465.72	295.00
466.09	293.00
466.45	295.00
466.82	289.00
467.19	292.00
467.56	290.00
467.92	290.00
468.29	288.00
468.66	290.00
469.03	289.00
469.39	289.00
469.76	294.00
470.13	292.00
470.50	297.00
470.86	289.00
471.23	291.00
471.60	292.00
471.96	296.00
472.33	293.00
472.70	290.00
473.06	294.00
473.43	287.00
473.80	292.00
474.16	289.00
474.53	294.00
474.90	293.00
475.26	288.00
475.63	295.00
476.00	291.00
476.36	293.00
476.73	292.00
477.10	296.00
477.46	291.00
477.83	294.00
478.20	289.00
478.56	292.00
478.93	297.00
479.29	288.00
479.66	291.00
480.03	293.00
480.39	292.00
480.76	289.00
481.12	294.00
481.49	294.00
481.86	290.00
482.22	292.00
482.59	291.00
482.95	290.00
483.32	295.00
483.68	295.00
484.05	287.00
484.42	288.00
484.78	292.00
485.15	290.00
485.51	290.00
485.88	288.00
486.24	292.00
486.61	294.00
486.97	289.00
487.34	289.00
487.70	290.00
488.07	292.00
488.43	291.00
488.80	291.00
489.16	290.00
489.53	293.00
489.89	291.00
490.26	291.00
490.62	291.00
490.99	288.00
491.35	292.00
491.72	292.00
492.08	294.00
492.45	286.00
492.81	287.00
493.18	292.00
493.54	286.00
493.90	289.00
494.27	295.00
494.63	294.00
495.00	287.00
495.36	293.00
495.73	290.00
496.09	293.00
496.45	293.00
496.82	290.00
497.18	292.00
497.55	297.00
497.91	291.00
498.27	289.00
498.64	289.00
499.00	290.00
499.37	291.00
499.73	283.00
500.09	293.00
500.46	286.00
500.82	292.00
501.18	295.00
501.55	293.00
501.91	292.00
502.28	290.00
502.64	291.00
503.00	286.00
503.37	286.00
503.73	286.00
504.09	293.00
504.46	295.00
504.82	288.00
505.18	293.00
505.54	293.00
505.91	288.00
506.27	291.00
506.63	294.00
507.00	296.00
507.36	286.00
507.72	294.00
508.08	294.00
508.45	294.00
508.81	293.00
509.17	293.00
509.54	286.00
509.90	291.00
510.26	289.00
510.62	290.00
510.99	294.00
511.35	292.00
511.71	291.00
512.07	284.00
512.43	290.00
512.80	286.00
513.16	294.00
513.52	289.00
513.88	292.00
514.25	290.00
514.61	290.00
514.97	287.00
515.33	292.00
515.69	290.00
516.05	299.00
516.42	284.00
516.78	295.00
517.14	295.00
517.50	289.00
517.86	293.00
518.23	290.00
518.59	294.00
518.95	292.00
519.31	289.00
519.67	293.00
520.03	292.00
520.39	289.00
520.75	291.00
521.12	290.00
521.48	293.00
521.84	290.00
522.20	288.00
522.56	283.00
522.92	291.00
523.28	294.00
523.64	293.00
524.00	285.00
524.37	291.00
524.73	282.00
525.09	288.00
525.45	288.00
525.81	292.00
526.17	294.00
526.53	293.00
526.89	291.00
527.25	291.00
527.61	288.00
527.97	291.00
528.33	290.00
528.69	291.00
529.05	288.00
529.41	292.00
529.77	288.00
530.13	290.00
530.49	288.00
530.85	295.00
531.21	291.00
531.57	292.00
531.93	289.00
532.29	290.00
532.65	290.00
533.01	290.00
533.37	296.00
533.73	288.00
534.09	290.00
534.45	289.00
534.81	291.00
535.17	289.00
535.53	282.00
535.89	289.00
536.25	289.00
536.61	292.00
536.97	292.00
537.33	294.00
537.69	292.00
538.04	285.00
538.40	288.00
538.76	291.00
539.12	294.00
539.48	288.00
539.84	288.00
540.20	288.00
540.56	289.00
540.92	290.00
541.28	285.00
541.63	294.00
541.99	291.00
542.35	285.00
542.71	287.00
543.07	291.00
543.43	290.00
543.79	292.00
544.14	289.00
544.50	285.00
544.86	294.00
545.22	287.00
545.58	288.00
545.94	287.00
546.29	291.00
546.65	291.00
547.01	283.00
547.37	290.00
547.73	292.00
548.08	291.00
548.44	288.00
548.80	291.00
549.16	288.00
549.52	286.00
549.87	289.00
550.23	284.00
550.59	291.00
550.95	295.00
551.30	294.00
551.66	285.00
552.02	284.00
552.38	293.00
552.73	293.00
553.09	287.00
553.45	292.00
553.81	287.00
554.16	295.00
554.52	290.00
554.88	289.00
555.23	291.00
555.59	290.00
555.95	291.00
556.31	289.00
556.66	287.00
557.02	290.00
557.38	292.00
557.73	295.00
558.09	285.00
558.45	293.00
558.80	284.00
559.16	293.00
559.52	294.00
559.87	288.00
560.23	288.00
560.59	289.00
560.94	289.00
561.30	291.00
561.65	289.00
562.01	288.00
562.37	289.00
562.72	289.00
563.08	291.00
563.43	288.00
563.79	289.00
564.15	290.00
564.50	290.00
564.86	287.00
565.21	288.00
565.57	293.00
565.93	288.00
566.28	287.00
566.64	290.00
566.99	288.00
567.35	286.00
567.70	293.00
568.06	292.00
568.41	287.00
568.77	290.00
569.13	291.00
569.48	286.00
569.84	287.00
570.19	288.00
570.55	289.00
570.90	288.00
571.26	297.00
571.61	291.00
571.97	289.00
572.32	290.00
572.68	291.00
573.03	291.00
573.39	288.00
573.74	291.00
574.10	293.00
574.45	284.00
574.81	291.00
575.16	290.00
575.51	290.00
575.87	288.00
576.22	288.00
576.58	294.00
576.93	283.00
577.29	291.00
577.64	290.00
577.99	293.00
578.35	291.00
578.70	290.00
579.06	288.00
579.41	288.00
579.77	287.00
580.12	291.00
580.47	286.00
580.83	290.00
581.18	287.00
581.53	291.00
581.89	290.00
582.24	294.00
582.60	288.00
582.95	294.00
583.30	290.00
583.66	290.00
584.01	284.00
584.36	288.00
584.72	289.00
585.07	287.00
585.42	290.00
585.78	289.00
586.13	288.00
586.48	293.00
586.84	283.00
587.19	292.00
587.54	289.00
587.90	293.00
588.25	293.00
588.60	280.00
588.95	287.00
589.31	286.00
589.66	292.00
590.01	291.00
590.36	290.00
590.72	290.00
591.07	291.00
591.42	288.00
591.78	291.00
592.13	296.00
592.48	288.00
592.83	289.00
593.18	295.00
593.54	290.00
593.89	288.00
594.24	291.00
594.59	290.00
594.95	285.00
595.30	288.00
595.65	288.00
596.00	293.00
596.35	287.00
596.71	287.00
597.06	290.00
597.41	284.00
597.76	291.00
598.11	286.00
598.46	287.00
598.82	282.00
599.17	288.00
599.52	293.00
599.87	291.00
600.22	287.00
600.57	288.00
600.92	290.00
601.27	293.00
601.63	283.00
601.98	284.00
602.33	298.00
602.68	291.00
603.03	288.00
603.38	293.00
603.73	286.00
604.08	290.00
604.43	294.00
604.79	286.00
605.14	294.00
605.49	287.00
605.84	288.00
606.19	288.00
606.54	288.00
606.89	289.00
607.24	290.00
607.59	294.00
607.94	290.00
608.29	286.00
608.64	288.00
608.99	293.00
609.34	286.00
609.69	291.00
610.04	290.00
610.39	286.00
610.74	289.00
611.09	289.00
611.44	294.00
611.79	297.00
612.14	290.00
612.49	292.00
612.84	287.00
613.19	291.00
613.54	285.00
613.89	286.00
614.24	287.00
614.59	292.00
614.94	289.00
615.29	289.00
615.64	287.00
615.99	291.00
616.34	293.00
616.69	285.00
617.03	287.00
617.38	294.00
617.73	288.00
618.08	289.00
618.43	289.00
618.78	291.00
619.13	288.00
619.48	289.00
619.83	295.00
620.18	290.00
620.52	291.00
620.87	295.00
621.22	290.00
621.57	289.00
621.92	284.00
622.27	291.00
622.62	288.00
622.96	287.00
623.31	284.00
623.66	286.00
624.01	290.00
624.36	289.00
624.71	293.00
625.05	294.00
625.40	293.00
625.75	288.00
626.10	290.00
626.45	285.00
626.79	291.00
627.14	289.00
627.49	290.00
627.84	293.00
628.18	284.00
628.53	282.00
628.88	292.00
629.23	290.00
629.58	288.00
629.92	287.00
630.27	293.00
630.62	286.00
630.97	293.00
631.31	291.00
631.66	284.00
632.01	287.00
632.35	291.00
632.70	285.00
633.05	288.00
633.40	285.00
633.74	292.00
634.09	290.00
634.44	290.00
634.78	286.00
635.13	290.00
635.48	286.00
635.82	295.00
636.17	289.00
636.52	288.00
636.86	283.00
637.21	289.00
637.56	288.00
637.90	292.00
638.25	291.00
638.60	288.00
638.94	292.00
639.29	288.00
639.63	289.00
639.98	290.00
640.33	290.00
640.67	295.00
641.02	291.00
641.36	294.00
641.71	295.00
642.06	285.00
642.40	288.00
642.75	294.00
643.09	289.00
643.44	294.00
643.79	286.00
644.13	289.00
644.48	287.00
644.82	289.00
645.17	290.00
645.51	297.00
645.86	289.00
646.20	289.00
646.55	286.00
646.89	291.00
647.24	289.00
647.58	292.00
647.93	291.00
648.27	287.00
648.62	295.00
648.96	290.00
649.31	287.00
649.65	290.00
650.00	289.00
650.34	290.00
650.69	288.00
651.03	288.00
651.38	285.00
651.72	287.00
652.07	291.00
652.41	285.00
652.76	291.00
653.10	288.00
653.44	294.00
653.79	288.00
654.13	287.00
654.48	290.00
654.82	287.00
655.17	286.00
655.51	290.00
655.85	291.00
656.20	289.00
656.54	286.00
656.89	285.00
657.23	287.00
657.57	291.00
657.92	290.00
658.26	288.00
658.60	289.00
658.95	290.00
659.29	287.00
659.63	285.00
659.98	282.00
660.32	286.00
660.66	287.00
661.01	287.00
661.35	288.00
661.69	289.00
662.04	291.00
662.38	293.00
662.72	288.00
663.07	291.00
663.41	281.00
663.75	283.00
664.10	290.00
664.44	287.00
664.78	291.00
665.12	292.00
665.47	292.00
665.81	292.00
666.15	292.00
666.49	289.00
666.84	290.00
667.18	286.00
667.52	287.00
667.86	286.00
668.21	286.00
668.55	287.00
668.89	289.00
669.23	294.00
669.58	292.00
669.92	292.00
670.26	289.00
670.60	288.00
670.94	291.00
671.29	286.00
671.63	288.00
671.97	288.00
672.31	288.00
672.65	290.00
672.99	288.00
673.34	283.00
673.68	291.00
674.02	289.00
674.36	289.00
674.70	292.00
675.04	290.00
675.38	291.00
675.73	288.00
676.07	285.00
676.41	293.00
676.75	289.00
677.09	295.00
677.43	293.00
677.77	291.00
678.11	291.00
678.45	289.00
678.79	291.00
679.14	289.00
679.48	289.00
679.82	287.00
680.16	284.00
680.50	294.00
680.84	288.00
681.18	289.00
681.52	287.00
681.86	286.00
682.20	294.00
682.54	288.00
682.88	288.00
683.22	284.00
683.56	289.00
683.90	286.00
684.24	288.00
684.58	289.00
684.92	292.00
685.26	288.00
685.60	290.00
685.94	286.00
686.28	293.00
686.62	288.00
686.96	289.00
687.30	287.00
687.64	287.00
687.98	291.00
688.32	290.00
688.66	288.00
689.00	286.00
689.34	289.00
689.68	289.00
690.02	287.00
690.36	288.00
690.69	290.00
691.03	287.00
691.37	291.00
691.71	285.00
692.05	288.00
692.39	287.00
692.73	288.00
693.07	288.00
693.41	291.00
693.75	287.00
694.08	286.00
694.42	285.00
694.76	289.00
695.10	287.00
695.44	285.00
695.78	290.00
696.12	289.00
696.45	288.00
696.79	286.00
697.13	289.00
697.47	291.00
697.81	287.00
698.14	286.00
698.48	287.00
698.82	296.00
699.16	284.00
699.50	289.00
699.83	288.00
700.17	292.00
700.51	285.00
700.85	289.00
701.19	286.00
701.52	286.00
701.86	288.00
702.20	291.00
702.54	293.00
702.87	285.00
703.21	287.00
703.55	289.00
703.89	287.00
704.22	291.00
704.56	287.00
704.90	282.00
705.23	286.00
705.57	288.00
705.91	285.00
706.25	286.00
706.58	286.00
706.92	292.00
707.26	293.00
707.59	291.00
707.93	291.00
708.27	292.00
708.60	289.00
708.94	289.00
709.28	291.00
709.61	289.00
709.95	287.00
710.28	285.00
710.62	286.00
710.96	286.00
711.29	285.00
711.63	285.00
711.97	292.00
712.30	292.00
712.64	291.00
712.97	288.00
713.31	288.00
713.65	291.00
713.98	289.00
714.32	291.00
714.65	284.00
714.99	288.00
715.32	288.00
715.66	283.00
716.00	292.00
716.33	287.00
716.67	288.00
717.00	291.00
717.34	284.00
717.67	286.00
718.01	293.00
718.34	280.00
718.68	286.00
719.01	290.00
719.35	289.00
719.68	292.00
720.02	286.00
720.35	287.00
720.69	292.00
721.02	288.00
721.36	290.00
721.69	286.00
722.03	290.00
722.36	295.00
722.70	295.00
723.03	289.00
723.37	287.00
723.70	290.00
724.03	283.00
724.37	290.00
724.70	290.00
725.04	294.00
725.37	287.00
725.71	286.00
726.04	288.00
726.37	289.00
726.71	283.00
727.04	291.00
727.38	292.00
727.71	289.00
728.04	290.00
728.38	287.00
728.71	292.00
729.04	292.00
729.38	291.00
729.71	289.00
730.05	283.00
730.38	291.00
730.71	293.00
731.05	288.00
731.38	285.00
731.71	285.00
732.05	286.00
732.38	284.00
732.71	288.00
733.04	289.00
733.38	293.00
733.71	293.00
734.04	288.00
734.38	286.00
734.71	292.00
735.04	290.00
735.37	289.00
735.71	289.00
736.04	287.00
736.37	289.00
736.71	286.00
737.04	287.00
737.37	288.00
737.70	291.00
738.03	291.00
738.37	285.00
738.70	294.00
739.03	293.00
739.36	294.00
739.70	283.00
740.03	284.00
740.36	289.00
740.69	286.00
741.02	285.00
741.36	285.00
741.69	288.00
742.02	290.00
742.35	283.00
742.68	290.00
743.01	289.00
743.35	296.00
743.68	290.00
744.01	285.00
744.34	287.00
744.67	283.00
745.00	286.00
745.33	287.00
745.66	292.00
746.00	290.00
746.33	289.00
746.66	286.00
746.99	287.00
747.32	287.00
747.65	291.00
747.98	287.00
748.31	291.00
748.64	286.00
748.97	287.00
749.30	287.00
749.64	309.00
749.97	289.00
750.30	295.00
750.63	291.00
750.96	286.00
751.29	294.00
751.62	288.00
751.95	287.00
752.28	288.00
752.61	284.00
752.94	291.00
753.27	290.00
753.60	289.00
753.93	287.00
754.26	291.00
754.59	283.00
754.92	286.00
755.25	282.00
755.58	283.00
755.91	294.00
756.24	293.00
756.57	287.00
756.90	283.00
757.23	288.00
757.55	287.00
757.88	286.00
758.21	291.00
758.54	285.00
758.87	290.00
759.20	287.00
759.53	290.00
759.86	286.00
760.19	280.00
760.52	292.00
760.85	288.00
761.18	285.00
761.50	286.00
761.83	286.00
762.16	287.00
762.49	287.00
762.82	289.00
763.15	286.00
763.48	286.00
763.80	288.00
764.13	289.00
764.46	285.00
764.79	291.00
765.12	294.00
765.45	287.00
765.77	292.00
766.10	289.00
766.43	290.00
766.76	286.00
767.09	298.00
767.41	286.00
767.74	282.00
768.07	291.00
768.40	288.00
768.73	290.00
769.05	291.00
769.38	290.00
769.71	288.00
770.04	289.00
770.36	290.00
770.69	291.00
771.02	289.00
771.34	289.00
771.67	291.00
772.00	282.00
772.33	287.00
772.65	287.00
772.98	288.00
773.31	287.00
773.63	290.00
773.96	289.00
774.29	293.00
774.62	289.00
774.94	292.00
775.27	291.00
775.60	290.00
775.92	290.00
776.25	290.00
776.58	289.00
776.90	291.00
777.23	289.00
777.55	289.00
777.88	287.00
778.21	284.00
778.53	291.00
778.86	292.00
779.19	283.00
779.51	290.00
779.84	291.00
780.16	291.00
780.49	289.00
780.81	288.00
781.14	287.00
781.47	290.00
781.79	290.00
782.12	294.00
782.44	286.00
782.77	293.00
783.09	285.00
783.42	292.00
783.75	288.00
784.07	294.00
784.40	289.00
784.72	287.00
785.05	293.00
785.37	287.00
785.70	284.00
786.02	286.00
786.35	284.00
786.67	286.00
787.00	285.00
787.32	287.00
787.65	287.00
787.97	291.00
788.30	286.00
788.62	290.00
788.94	292.00
789.27	286.00
789.59	293.00
789.92	288.00
790.24	291.00
790.57	292.00
790.89	288.00
791.22	290.00
791.54	288.00
791.86	295.00
792.19	286.00
792.51	291.00
792.84	287.00
793.16	290.00
793.48	286.00
793.81	292.00
794.13	289.00
794.45	293.00
794.78	285.00
795.10	289.00
795.43	288.00
795.75	283.00
796.07	290.00
796.40	291.00
796.72	295.00
797.04	290.00
797.37	289.00
797.69	285.00
798.01	287.00
798.34	290.00
798.66	288.00
798.98	285.00
799.30	288.00
799.63	291.00
799.95	289.00
800.27	293.00
800.60	290.00
800.92	289.00
801.24	287.00
801.56	284.00
801.89	289.00
802.21	287.00
802.53	289.00
802.85	287.00
803.18	288.00
803.50	285.00
803.82	286.00
804.14	286.00
804.46	292.00
804.79	288.00
805.11	290.00
805.43	289.00
805.75	288.00
806.07	294.00
806.40	289.00
806.72	284.00
807.04	286.00
807.36	285.00
807.68	290.00
808.00	284.00
808.33	286.00
808.65	290.00
808.97	287.00
809.29	295.00
809.61	290.00
809.93	287.00
810.25	285.00
810.58	285.00
810.90	291.00
811.22	290.00
811.54	289.00
811.86	288.00
812.18	284.00
812.50	286.00
812.82	290.00
813.14	284.00
813.46	289.00
813.78	290.00
814.10	289.00
814.43	286.00
814.75	287.00
815.07	289.00
815.39	288.00
815.71	283.00
816.03	287.00
816.35	289.00
816.67	286.00
816.99	289.00
817.31	281.00
817.63	288.00
817.95	289.00
818.27	292.00
818.59	290.00
818.91	284.00
819.23	291.00
819.55	293.00
819.87	284.00
820.19	292.00
820.51	283.00
820.83	295.00
821.14	286.00
821.46	290.00
821.78	289.00
822.10	285.00
822.42	286.00
822.74	292.00
823.06	291.00
823.38	290.00
823.70	286.00
824.02	287.00
824.34	287.00
824.66	289.00
824.97	292.00
825.29	285.00
825.61	288.00
825.93	287.00
826.25	284.00
826.57	291.00
826.89	281.00
827.20	291.00
827.52	293.00
827.84	289.00
828.16	285.00
828.48	286.00
828.80	284.00
829.11	284.00
829.43	291.00
829.75	292.00
830.07	290.00
830.39	286.00
830.70	291.00
831.02	285.00
831.34	296.00
831.66	285.00
831.98	290.00
832.29	293.00
832.61	293.00
832.93	291.00
833.25	290.00
833.56	287.00
833.88	288.00
834.20	286.00
834.52	288.00
834.83	285.00
835.15	289.00
835.47	289.00
835.78	293.00
836.10	288.00
836.42	288.00
836.73	289.00
837.05	286.00
837.37	292.00
837.68	288.00
838.00	289.00
838.32	291.00
838.63	287.00
838.95	291.00
839.27	287.00
839.58	286.00
839.90	288.00
840.22	286.00
840.53	286.00
840.85	290.00
841.17	292.00
841.48	286.00
841.80	288.00
842.11	290.00
842.43	286.00
842.75	285.00
843.06	285.00
843.38	291.00
843.69	287.00
844.01	293.00
844.32	290.00
844.64	289.00
844.96	288.00
845.27	294.00
845.59	288.00
845.90	288.00
846.22	286.00
846.53	291.00
846.85	286.00
847.16	283.00
847.48	286.00
847.79	290.00
848.11	290.00
848.42	291.00
848.74	291.00
849.05	287.00
849.37	287.00
849.68	288.00
850.00	291.00
850.31	288.00
850.63	293.00
850.94	290.00
851.26	282.00
851.57	291.00
851.88	291.00
852.20	292.00
852.51	286.00
852.83	284.00
853.14	285.00
853.46	293.00
853.77	290.00
854.08	284.00
854.40	290.00
854.71	290.00
855.03	287.00
855.34	288.00
855.65	290.00
855.97	289.00
856.28	286.00
856.59	289.00
856.91	287.00
857.22	289.00
857.53	288.00
857.85	285.00
858.16	290.00
858.47	294.00
858.79	289.00
859.10	294.00
859.41	291.00
859.73	291.00
860.04	292.00
860.35	290.00
860.67	288.00
860.98	287.00
861.29	284.00
861.60	288.00
861.92	290.00
862.23	282.00
862.54	288.00
862.86	286.00
863.17	284.00
863.48	285.00
863.79	290.00
864.10	284.00
864.42	285.00
864.73	290.00
865.04	287.00
865.35	284.00
865.67	285.00
865.98	287.00
866.29	289.00
866.60	288.00
866.91	284.00
867.23	294.00
867.54	292.00
867.85	288.00
868.16	291.00
868.47	287.00
868.78	289.00
869.09	288.00
869.41	290.00
869.72	281.00
870.03	289.00
870.34	284.00
870.65	296.00
870.96	287.00
871.27	287.00
871.58	285.00
871.90	291.00
872.21	286.00
872.52	290.00
872.83	295.00
873.14	291.00
873.45	290.00
873.76	293.00
874.07	282.00
874.38	291.00
874.69	288.00
875.00	293.00
875.31	290.00
875.62	293.00
875.93	290.00
876.24	288.00
876.55	288.00
876.86	293.00
877.17	290.00
877.48	288.00
877.79	285.00
878.10	287.00
878.41	295.00
878.72	291.00
879.03	295.00
879.34	289.00
879.65	286.00
879.96	288.00
880.27	292.00
880.58	288.00
880.89	288.00
881.20	289.00
881.51	289.00
881.82	288.00
882.13	292.00
882.44	289.00
882.75	288.00
883.06	293.00
883.37	287.00
883.67	292.00
883.98	290.00
884.29	285.00
884.60	283.00
884.91	282.00
885.22	287.00
885.53	288.00
885.84	286.00
886.14	289.00
886.45	290.00
886.76	290.00
887.07	289.00
887.38	288.00
887.69	286.00
887.99	290.00
888.30	286.00
888.61	295.00
888.92	286.00
889.23	287.00
889.53	290.00
889.84	288.00
890.15	290.00
890.46	289.00
890.77	285.00
891.07	285.00
891.38	287.00
891.69	288.00
892.00	292.00
892.30	289.00
892.61	295.00
892.92	290.00
893.23	293.00
893.53	292.00
893.84	290.00
894.15	286.00
894.45	288.00
894.76	287.00
895.07	292.00
895.38	288.00
895.68	293.00
895.99	286.00
896.30	291.00
896.60	286.00
896.91	287.00
897.22	291.00
897.52	286.00
897.83	289.00
898.14	290.00
898.44	287.00
898.75	292.00
899.05	287.00
899.36	286.00
899.67	287.00
899.97	290.00
900.28	292.00
900.58	287.00
900.89	284.00
901.20	291.00
901.50	291.00
901.81	287.00
902.11	288.00
902.42	285.00
902.73	288.00
903.03	286.00
903.34	286.00
903.64	292.00
903.95	286.00
904.25	289.00
904.56	292.00
904.86	286.00
905.17	288.00
905.47	290.00
905.78	290.00
906.08	289.00
906.39	289.00
906.69	286.00
907.00	289.00
907.30	288.00
907.61	286.00
907.91	292.00
908.22	292.00
908.52	285.00
908.83	288.00
909.13	290.00
909.44	284.00
909.74	287.00
910.04	293.00
910.35	290.00
910.65	293.00
910.96	286.00
911.26	286.00
911.56	288.00
911.87	291.00
912.17	283.00
912.48	284.00
912.78	291.00
913.08	286.00
913.39	286.00
913.69	281.00
914.00	293.00
914.30	289.00
914.60	289.00
914.91	291.00
915.21	295.00
915.51	287.00
915.82	287.00
916.12	290.00
916.42	285.00
916.73	287.00
917.03	294.00
917.33	291.00
917.63	286.00
917.94	287.00
918.24	287.00
918.54	287.00
918.85	287.00
919.15	291.00
919.45	287.00
919.75	283.00
920.06	287.00
920.36	293.00
920.66	285.00
920.96	289.00
921.27	289.00
921.57	291.00
921.87	288.00
922.17	286.00
922.47	285.00
922.78	290.00
923.08	289.00
923.38	289.00
923.68	286.00
923.98	286.00
924.29	290.00
924.59	287.00
924.89	293.00
925.19	291.00
925.49	282.00
925.79	293.00
926.10	289.00
926.40	287.00
926.70	285.00
927.00	289.00
927.30	289.00
927.60	289.00
927.90	288.00
928.20	286.00
928.50	289.00
928.81	287.00
929.11	282.00
929.41	292.00
929.71	294.00
930.01	288.00
930.31	281.00
930.61	293.00
930.91	292.00
931.21	292.00
931.51	293.00
931.81	291.00
932.11	289.00
932.41	288.00
932.71	287.00
933.01	283.00
933.31	293.00
933.61	287.00
933.91	284.00
934.21	290.00
934.51	287.00
934.81	290.00
935.11	293.00
935.41	289.00
935.71	288.00
936.01	295.00
936.31	285.00
936.61	288.00
936.91	287.00
937.21	285.00
937.51	286.00
937.81	292.00
938.11	291.00
938.41	287.00
938.70	292.00
939.00	285.00
939.30	287.00
939.60	287.00
939.90	293.00
940.20	288.00
940.50	287.00
940.80	291.00
941.10	291.00
941.39	287.00
941.69	290.00
941.99	293.00
942.29	287.00
942.59	291.00
942.89	290.00
943.18	290.00
943.48	288.00
943.78	293.00
944.08	284.00
944.38	288.00
944.68	289.00
944.97	285.00
945.27	293.00
945.57	288.00
945.87	288.00
946.16	287.00
946.46	287.00
946.76	298.00
947.06	292.00
947.35	284.00
947.65	289.00
947.95	287.00
948.25	285.00
948.54	289.00
948.84	291.00
949.14	289.00
949.44	293.00
949.73	291.00
950.03	287.00
950.33	287.00
950.62	287.00
950.92	290.00
951.22	287.00
951.51	287.00
951.81	285.00
952.11	291.00
952.40	294.00
952.70	285.00
953.00	288.00
953.29	292.00
953.59	289.00
953.89	296.00
954.18	287.00
954.48	287.00
954.77	287.00
955.07	290.00
955.37	290.00
955.66	289.00
955.96	286.00
956.25	289.00
956.55	292.00
956.85	289.00
957.14	293.00
957.44	289.00
957.73	289.00
958.03	285.00
958.32	285.00
958.62	284.00
958.91	291.00
959.21	292.00
959.50	289.00
959.80	287.00
960.09	286.00
960.39	290.00
960.68	293.00
960.98	290.00
961.27	288.00
961.57	289.00
961.86	290.00
962.16	286.00
962.45	284.00
962.75	289.00
963.04	283.00
963.34	288.00
963.63	287.00
963.93	286.00
964.22	287.00
964.51	287.00
964.81	287.00
965.10	289.00
965.40	286.00
965.69	292.00
965.98	293.00
966.28	286.00
966.57	286.00
966.87	292.00
967.16	284.00
967.45	294.00
967.75	290.00
968.04	287.00
968.33	282.00
968.63	292.00
968.92	290.00
969.21	288.00
969.51	286.00
969.80	289.00
970.09	287.00
970.39	290.00
970.68	289.00
970.97	291.00
971.27	286.00
971.56	286.00
971.85	292.00
972.14	288.00
972.44	291.00
972.73	288.00
973.02	288.00
973.32	289.00
973.61	291.00
973.90	288.00
974.19	288.00
974.48	291.00
974.78	287.00
975.07	295.00
975.36	293.00
975.65	289.00
975.95	286.00
976.24	288.00
976.53	293.00
976.82	288.00
977.11	291.00
977.40	284.00
977.70	290.00
977.99	292.00
978.28	288.00
978.57	286.00
978.86	287.00
979.15	289.00
979.45	283.00
979.74	293.00
980.03	290.00
980.32	287.00
980.61	291.00
980.90	296.00
981.19	289.00
981.48	288.00
981.77	285.00
982.07	286.00
982.36	289.00
982.65	290.00
982.94	291.00
983.23	287.00
983.52	290.00
983.81	291.00
984.10	286.00
984.39	289.00
984.68	284.00
984.97	285.00
985.26	290.00
985.55	293.00
985.84	290.00
986.13	290.00
986.42	295.00
986.71	294.00
987.00	288.00
987.29	285.00
987.58	295.00
987.87	286.00
988.16	284.00
988.45	292.00
988.74	290.00
989.03	290.00
989.32	287.00
989.61	289.00
989.90	283.00
990.19	283.00
990.48	285.00
990.76	288.00
991.05	288.00
991.34	283.00
991.63	287.00
991.92	289.00
992.21	291.00
992.50	289.00
992.79	290.00
993.08	288.00
993.36	292.00
993.65	289.00
993.94	284.00
994.23	287.00
994.52	289.00
994.81	288.00
995.09	283.00
995.38	283.00
995.67	293.00
995.96	289.00
996.25	291.00
996.54	289.00
996.82	288.00
997.11	291.00
997.40	285.00
997.69	287.00
997.97	290.00
998.26	290.00
998.55	288.00
998.84	284.00
999.12	293.00
999.41	289.00
999.70	291.00
999.99	288.00
1000.27	286.00
1000.56	288.00
1000.85	287.00
1001.14	285.00
1001.42	292.00
1001.71	288.00
1002.00	289.00
1002.28	288.00
1002.57	292.00
1002.86	291.00
1003.14	289.00
1003.43	288.00
1003.72	287.00
1004.00	289.00
1004.29	294.00
1004.58	287.00
1004.86	284.00
1005.15	283.00
1005.44	293.00
1005.72	289.00
1006.01	283.00
1006.29	291.00
1006.58	292.00
1006.87	287.00
1007.15	289.00
1007.44	285.00
1007.72	290.00
1008.01	287.00
1008.29	289.00
1008.58	284.00
1008.87	291.00
1009.15	286.00
1009.44	290.00
1009.72	288.00
1010.01	284.00
1010.29	289.00
1010.58	290.00
1010.86	287.00
1011.15	291.00
1011.43	281.00
1011.72	292.00
1012.00	287.00
1012.29	288.00
1012.57	284.00
1012.86	291.00
1013.14	291.00
1013.43	293.00
1013.71	285.00
1013.99	293.00
1014.28	291.00
1014.56	286.00
1014.85	286.00
1015.13	283.00
1015.42	288.00
1015.70	289.00
1015.98	286.00
1016.27	288.00
1016.55	289.00
1016.84	289.00
1017.12	293.00
1017.40	287.00
1017.69	288.00
1017.97	294.00
1018.26	288.00
1018.54	294.00
1018.82	284.00
1019.11	289.00
1019.39	290.00
1019.67	287.00
1019.96	287.00
1020.24	287.00
1020.52	289.00
1020.81	290.00
1021.09	288.00
1021.37	288.00
1021.65	289.00
1021.94	289.00
1022.22	287.00
1022.50	290.00
1022.79	291.00
1023.07	287.00
1023.35	289.00
1023.63	287.00
1023.92	290.00
1024.20	289.00
1024.48	292.00
1024.76	286.00
1025.04	282.00
1025.33	284.00
1025.61	285.00
