339.89	0.00
340.27	283.00
340.65	281.00
341.03	289.00
341.41	288.00
341.79	292.00
342.18	291.00
342.56	290.00
342.94	286.00
343.32	290.00
343.70	293.00
344.08	292.00
344.46	290.00
344.84	290.00
345.22	298.00
345.60	287.00
345.98	290.00
346.36	294.00
346.74	289.00
347.12	290.00
347.50	291.00
347.89	288.00
348.27	288.00
348.65	289.00
349.03	292.00
349.41	287.00
349.79	295.00
350.17	294.00
350.55	294.00
350.93	292.00
351.31	292.00
351.69	290.00
352.07	296.00
352.45	294.00
352.83	292.00
353.21	297.00
353.59	296.00
353.97	293.00
354.35	294.00
354.72	293.00
355.10	297.00
355.48	299.00
355.86	299.00
356.24	292.00
356.62	293.00
357.00	302.00
357.38	297.00
357.76	299.00
358.14	298.00
358.52	299.00
358.90	295.00
359.28	296.00
359.66	289.00
360.04	302.00
360.41	297.00
360.79	302.00
361.17	298.00
361.55	298.00
361.93	301.00
362.31	299.00
362.69	298.00
363.07	295.00
363.45	295.00
363.82	299.00
364.20	297.00
364.58	300.00
364.96	299.00
365.34	295.00
365.72	295.00
366.10	301.00
366.47	304.00
366.85	301.00
367.23	301.00
367.61	294.00
367.99	305.00
368.37	300.00
368.74	302.00
369.12	303.00
369.50	307.00
369.88	307.00
370.26	303.00
370.64	307.00
371.01	300.00
371.39	304.00
371.77	306.00
372.15	302.00
372.52	307.00
372.90	308.00
373.28	310.00
373.66	308.00
374.04	304.00
374.41	304.00
374.79	310.00
375.17	302.00
375.55	312.00
375.92	305.00
376.30	307.00
376.68	309.00
377.06	310.00
377.43	310.00
377.81	310.00
378.19	307.00
378.56	310.00
378.94	313.00
379.32	312.00
379.70	313.00
380.07	312.00
380.45	309.00
380.83	311.00
381.20	316.00
381.58	312.00
381.96	315.00
382.33	317.00
382.71	314.00
383.09	315.00
383.46	316.00
383.84	315.00
384.22	315.00
384.59	317.00
384.97	313.00
385.35	318.00
385.72	320.00
386.10	318.00
386.48	319.00
386.85	322.00
387.23	329.00
387.60	330.00
387.98	323.00
388.36	321.00
388.73	321.00
389.11	329.00
389.49	324.00
389.86	327.00
390.24	328.00
390.61	331.00
390.99	329.00
391.36	329.00
391.74	326.00
392.12	334.00
392.49	335.00
392.87	338.00
393.24	333.00
393.62	335.00
393.99	334.00
394.37	330.00
394.75	335.00
395.12	335.00
395.50	334.00
395.87	343.00
396.25	338.00
396.62	338.00
397.00	338.00
397.37	343.00
397.75	340.00
398.12	342.00
398.50	334.00
398.87	345.00
399.25	342.00
399.62	342.00
400.00	343.00
400.37	340.00
400.75	352.00
401.12	341.00
401.50	351.00
401.87	352.00
402.25	362.00
402.62	355.00
403.00	352.00
403.37	355.00
403.75	359.00
404.12	356.00
404.49	358.00
404.87	362.00
405.24	357.00
405.62	368.00
405.99	360.00
406.37	362.00
406.74	369.00
407.11	374.00
407.49	368.00
407.86	375.00
408.24	382.00
408.61	371.00
408.98	372.00
409.36	377.00
409.73	389.00
410.11	380.00
410.48	376.00
410.85	383.00
411.23	388.00
411.60	397.00
411.97	386.00
412.35	389.00
412.72	391.00
413.10	384.00
413.47	392.00
413.84	401.00
414.22	394.00
414.59	399.00
414.96	400.00
415.34	393.00
415.71	405.00
416.08	410.00
416.45	412.00
416.83	409.00
417.20	406.00
417.57	408.00
417.95	413.00
418.32	417.00
418.69	413.00
419.07	411.00
419.44	414.00
419.81	411.00
420.18	415.00
420.56	422.00
420.93	416.00
421.30	424.00
421.67	431.00
422.05	428.00
422.42	438.00
422.79	435.00
423.16	434.00
423.54	428.00
423.91	434.00
424.28	437.00
424.65	440.00
425.03	444.00
425.40	432.00
425.77	441.00
426.14	449.00
426.51	450.00
426.89	445.00
427.26	451.00
427.63	457.00
428.00	465.00
428.37	465.00
428.75	460.00
429.12	465.00
429.49	463.00
429.86	465.00
430.23	477.00
430.60	476.00
430.98	479.00
431.35	473.00
431.72	482.00
432.09	484.00
432.46	498.00
432.83	493.00
433.20	498.00
433.58	501.00
433.95	505.00
434.32	504.00
434.69	502.00
435.06	508.00
435.43	526.00
435.80	520.00
436.17	526.00
436.54	525.00
436.92	532.00
437.29	525.00
437.66	542.00
438.03	541.00
438.40	541.00
438.77	552.00
439.14	555.00
439.51	552.00
439.88	551.00
440.25	571.00
440.62	563.00
440.99	555.00
441.36	563.00
441.73	562.00
442.10	578.00
442.47	571.00
442.84	589.00
443.21	583.00
443.58	591.00
443.96	599.00
444.33	606.00
444.70	597.00
445.07	600.00
445.44	605.00
445.81	595.00
446.17	595.00
446.54	597.00
446.91	613.00
447.28	607.00
447.65	622.00
448.02	622.00
448.39	611.00
448.76	608.00
449.13	621.00
449.50	629.00
449.87	622.00
450.24	616.00
450.61	630.00
450.98	632.00
451.35	647.00
451.72	631.00
452.09	640.00
452.46	637.00
452.83	649.00
453.19	625.00
453.56	658.00
453.93	666.00
454.30	650.00
454.67	666.00
455.04	658.00
455.41	651.00
455.78	665.00
456.15	668.00
456.51	661.00
456.88	673.00
457.25	686.00
457.62	687.00
457.99	689.00
458.36	694.00
458.73	703.00
459.09	715.00
459.46	721.00
459.83	700.00
460.20	705.00
460.57	726.00
460.94	733.00
461.30	730.00
461.67	745.00
462.04	747.00
462.41	760.00
462.78	771.00
463.14	762.00
463.51	747.00
463.88	787.00
464.25	789.00
464.62	793.00
464.98	812.00
465.35	811.00
465.72	801.00
466.09	824.00
466.45	833.00
466.82	843.00
467.19	841.00
467.56	850.00
467.92	855.00
468.29	859.00
468.66	875.00
469.03	893.00
469.39	906.00
469.76	904.00
470.13	911.00
470.50	915.00
470.86	961.00
471.23	936.00
471.60	940.00
471.96	930.00
472.33	955.00
472.70	960.00
473.06	968.00
473.43	969.00
473.80	983.00
474.16	979.00
474.53	1015.00
474.90	1019.00
475.26	1018.00
475.63	1027.00
476.00	1045.00
476.36	1052.00
476.73	1061.00
477.10	1066.00
477.46	1049.00
477.83	1086.00
478.20	1081.00
478.56	1078.00
478.93	1099.00
479.29	1087.00
479.66	1121.00
480.03	1103.00
480.39	1126.00
480.76	1156.00
481.12	1139.00
481.49	1152.00
481.86	1144.00
482.22	1165.00
482.59	1172.00
482.95	1175.00
483.32	1169.00
483.68	1205.00
484.05	1197.00
484.42	1199.00
484.78	1215.00
485.15	1234.00
485.51	1233.00
485.88	1234.00
486.24	1267.00
486.61	1253.00
486.97	1275.00
487.34	1294.00
487.70	1281.00
488.07	1317.00
488.43	1317.00
488.80	1325.00
489.16	1320.00
489.53	1317.00
489.89	1346.00
490.26	1382.00
490.62	1378.00
490.99	1366.00
491.35	1378.00
491.72	1397.00
492.08	1416.00
492.45	1438.00
492.81	1424.00
493.18	1422.00
493.54	1444.00
493.90	1467.00
494.27	1468.00
494.63	1485.00
495.00	1489.00
495.36	1505.00
495.73	1513.00
496.09	1512.00
496.45	1522.00
496.82	1560.00
497.18	1551.00
497.55	1594.00
497.91	1560.00
498.27	1599.00
498.64	1592.00
499.00	1624.00
499.37	1615.00
499.73	1640.00
500.09	1652.00
500.46	1649.00
500.82	1676.00
501.18	1674.00
501.55	1697.00
501.91	1687.00
502.28	1707.00
502.64	1726.00
503.00	1725.00
503.37	1753.00
503.73	1764.00
504.09	1775.00
504.46	1794.00
504.82	1806.00
505.18	1816.00
505.54	1823.00
505.91	1815.00
506.27	1866.00
506.63	1854.00
507.00	1881.00
507.36	1884.00
507.72	1898.00
508.08	1908.00
508.45	1921.00
508.81	1937.00
509.17	1931.00
509.54	1955.00
509.90	1945.00
510.26	1954.00
510.62	1993.00
510.99	1978.00
511.35	2000.00
511.71	1992.00
512.07	2015.00
512.43	2023.00
512.80	2047.00
513.16	2032.00
513.52	2065.00
513.88	2073.00
514.25	2068.00
514.61	2052.00
514.97	2085.00
515.33	2092.00
515.69	2109.00
516.05	2102.00
516.42	2106.00
516.78	2110.00
517.14	2106.00
517.50	2107.00
517.86	2100.00
518.23	2146.00
518.59	2126.00
518.95	2142.00
519.31	2126.00
519.67	2121.00
520.03	2125.00
520.39	2122.00
520.75	2137.00
521.12	2126.00
521.48	2161.00
521.84	2123.00
522.20	2107.00
522.56	2145.00
522.92	2157.00
523.28	2137.00
523.64	2138.00
524.00	2146.00
524.37	2122.00
524.73	2121.00
525.09	2165.00
525.45	2129.00
525.81	2159.00
526.17	2163.00
526.53	2158.00
526.89	2145.00
527.25	2164.00
527.61	2143.00
527.97	2137.00
528.33	2147.00
528.69	2157.00
529.05	2126.00
529.41	2164.00
529.77	2162.00
530.13	2165.00
530.49	2143.00
530.85	2191.00
531.21	2168.00
531.57	2177.00
531.93	2191.00
532.29	2160.00
532.65	2176.00
533.01	2150.00
533.37	2165.00
533.73	2144.00
534.09	2173.00
534.45	2163.00
534.81	2173.00
535.17	2178.00
535.53	2193.00
535.89	2205.00
536.25	2167.00
536.61	2197.00
536.97	2218.00
537.33	2200.00
537.69	2190.00
538.04	2255.00
538.40	2229.00
538.76	2237.00
539.12	2210.00
539.48	2282.00
539.84	2245.00
540.20	2295.00
540.56	2279.00
540.92	2275.00
541.28	2275.00
541.63	2299.00
541.99	2334.00
542.35	2328.00
542.71	2341.00
543.07	2350.00
543.43	2333.00
543.79	2347.00
544.14	2373.00
544.50	2395.00
544.86	2411.00
545.22	2407.00
545.58	2459.00
545.94	2451.00
546.29	2459.00
546.65	2454.00
547.01	2509.00
547.37	2478.00
547.73	2501.00
548.08	2501.00
548.44	2536.00
548.80	2544.00
549.16	2538.00
549.52	2533.00
549.87	2565.00
550.23	2571.00
550.59	2618.00
550.95	2635.00
551.30	2640.00
551.66	2647.00
552.02	2682.00
552.38	2685.00
552.73	2699.00
553.09	2705.00
553.45	2707.00
553.81	2738.00
554.16	2753.00
554.52	2748.00
554.88	2792.00
555.23	2794.00
555.59	2802.00
555.95	2813.00
556.31	2811.00
556.66	2834.00
557.02	2849.00
557.38	2881.00
557.73	2873.00
558.09	2861.00
558.45	2912.00
558.80	2927.00
559.16	2917.00
559.52	2909.00
559.87	2935.00
560.23	2933.00
560.59	2973.00
560.94	2915.00
561.30	2969.00
561.65	2980.00
562.01	2978.00
562.37	2955.00
562.72	2991.00
563.08	2996.00
563.43	2983.00
563.79	3002.00
564.15	3029.00
564.50	3015.00
564.86	3007.00
565.21	2997.00
565.57	3027.00
565.93	3015.00
566.28	3025.00
566.64	3018.00
566.99	3011.00
567.35	3025.00
567.70	3019.00
568.06	3017.00
568.41	3050.00
568.77	3001.00
569.13	3000.00
569.48	3021.00
569.84	3010.00
570.19	3035.00
570.55	3052.00
570.90	3037.00
571.26	3012.00
571.61	3011.00
571.97	2997.00
572.32	3024.00
572.68	3043.00
573.03	3016.00
573.39	3048.00
573.74	3008.00
574.10	3044.00
574.45	2997.00
574.81	3028.00
575.16	2999.00
575.51	3018.00
575.87	3001.00
576.22	3058.00
576.58	3013.00
576.93	3003.00
577.29	3012.00
577.64	2975.00
577.99	3002.00
578.35	2974.00
578.70	2987.00
579.06	2993.00
579.41	3024.00
579.77	2982.00
580.12	2983.00
580.47	2995.00
580.83	2973.00
581.18	3001.00
581.53	3018.00
581.89	3002.00
582.24	2973.00
582.60	2977.00
582.95	3011.00
583.30	3009.00
583.66	2997.00
584.01	2975.00
584.36	2979.00
584.72	3015.00
585.07	3028.00
585.42	3009.00
585.78	3001.00
586.13	3029.00
586.48	2979.00
586.84	2989.00
587.19	3037.00
587.54	3064.00
587.90	2989.00
588.25	3015.00
588.60	3028.00
588.95	3005.00
589.31	3061.00
589.66	3036.00
590.01	3045.00
590.36	3025.00
590.72	3047.00
591.07	3091.00
591.42	3043.00
591.78	3065.00
592.13	3044.00
592.48	3097.00
592.83	3072.00
593.18	3073.00
593.54	3068.00
593.89	3101.00
594.24	3082.00
594.59	3098.00
594.95	3113.00
595.30	3077.00
595.65	3099.00
596.00	3108.00
596.35	3117.00
596.71	3157.00
597.06	3149.00
597.41	3113.00
597.76	3157.00
598.11	3163.00
598.46	3144.00
598.82	3171.00
599.17	3168.00
599.52	3179.00
599.87	3161.00
600.22	3209.00
600.57	3233.00
600.92	3211.00
601.27	3251.00
601.63	3280.00
601.98	3289.00
602.33	3273.00
602.68	3286.00
603.03	3297.00
603.38	3270.00
603.73	3286.00
604.08	3313.00
604.43	3335.00
604.79	3354.00
605.14	3332.00
605.49	3351.00
605.84	3365.00
606.19	3345.00
606.54	3381.00
606.89	3404.00
607.24	3384.00
607.59	3400.00
607.94	3451.00
608.29	3433.00
608.64	3449.00
608.99	3449.00
609.34	3468.00
609.69	3454.00
610.04	3509.00
610.39	3469.00
610.74	3504.00
611.09	3492.00
611.44	3499.00
611.79	3495.00
612.14	3553.00
612.49	3526.00
612.84	3551.00
613.19	3527.00
613.54	3547.00
613.89	3552.00
614.24	3559.00
614.59	3575.00
614.94	3576.00
615.29	3583.00
615.64	3606.00
615.99	3584.00
616.34	3581.00
616.69	3607.00
617.03	3623.00
617.38	3607.00
617.73	3620.00
618.08	3608.00
618.43	3578.00
618.78	3578.00
619.13	3639.00
619.48	3627.00
619.83	3621.00
620.18	3633.00
620.52	3615.00
620.87	3603.00
621.22	3635.00
621.57	3635.00
621.92	3604.00
622.27	3610.00
622.62	3635.00
622.96	3607.00
623.31	3590.00
623.66	3613.00
624.01	3647.00
624.36	3600.00
624.71	3592.00
625.05	3593.00
625.40	3589.00
625.75	3583.00
626.10	3593.00
626.45	3589.00
626.79	3610.00
627.14	3638.00
627.49	3566.00
627.84	3569.00
628.18	3588.00
628.53	3558.00
628.88	3591.00
629.23	3589.00
629.58	3549.00
629.92	3585.00
630.27	3531.00
630.62	3573.00
630.97	3544.00
631.31	3537.00
631.66	3511.00
632.01	3573.00
632.35	3527.00
632.70	3543.00
633.05	3510.00
633.40	3523.00
633.74	3520.00
634.09	3523.00
634.44	3505.00
634.78	3513.00
635.13	3501.00
635.48	3499.00
635.82	3447.00
636.17	3511.00
636.52	3471.00
636.86	3449.00
637.21	3455.00
637.56	3474.00
637.90	3457.00
638.25	3466.00
638.60	3437.00
638.94	3446.00
639.29	3446.00
639.63	3467.00
639.98	3401.00
640.33	3435.00
640.67	3404.00
641.02	3441.00
641.36	3415.00
641.71	3417.00
642.06	3425.00
642.40	3425.00
642.75	3408.00
643.09	3409.00
643.44	3408.00
643.79	3406.00
644.13	3407.00
644.48	3399.00
644.82	3408.00
645.17	3410.00
645.51	3407.00
645.86	3397.00
646.20	3410.00
646.55	3393.00
646.89	3396.00
647.24	3427.00
647.58	3411.00
647.93	3395.00
648.27	3411.00
648.62	3407.00
648.96	3409.00
649.31	3380.00
649.65	3377.00
650.00	3399.00
650.34	3397.00
650.69	3422.00
651.03	3403.00
651.38	3404.00
651.72	3418.00
652.07	3409.00
652.41	3389.00
652.76	3430.00
653.10	3431.00
653.44	3417.00
653.79	3404.00
654.13	3403.00
654.48	3405.00
654.82	3424.00
655.17	3439.00
655.51	3453.00
655.85	3411.00
656.20	3448.00
656.54	3441.00
656.89	3459.00
657.23	3428.00
657.57	3403.00
657.92	3428.00
658.26	3425.00
658.60	3433.00
658.95	3438.00
659.29	3455.00
659.63	3475.00
659.98	3455.00
660.32	3463.00
660.66	3459.00
661.01	3436.00
661.35	3445.00
661.69	3457.00
662.04	3507.00
662.38	3467.00
662.72	3481.00
663.07	3499.00
663.41	3490.00
663.75	3490.00
664.10	3491.00
664.44	3503.00
664.78	3501.00
665.12	3487.00
665.47	3511.00
665.81	3495.00
666.15	3513.00
666.49	3507.00
666.84	3516.00
667.18	3530.00
667.52	3545.00
667.86	3535.00
668.21	3555.00
668.55	3529.00
668.89	3554.00
669.23	3546.00
669.58	3543.00
669.92	3569.00
670.26	3551.00
670.60	3583.00
670.94	3560.00
671.29	3567.00
671.63	3599.00
671.97	3563.00
672.31	3581.00
672.65	3563.00
672.99	3567.00
673.34	3555.00
673.68	3594.00
674.02	3561.00
674.36	3595.00
674.70	3565.00
675.04	3599.00
675.38	3585.00
675.73	3623.00
676.07	3601.00
676.41	3560.00
676.75	3565.00
677.09	3569.00
677.43	3586.00
677.77	3613.00
678.11	3547.00
678.45	3571.00
678.79	3561.00
679.14	3582.00
679.48	3599.00
679.82	3589.00
680.16	3551.00
680.50	3545.00
680.84	3569.00
681.18	3539.00
681.52	3553.00
681.86	3565.00
682.20	3531.00
682.54	3543.00
682.88	3494.00
683.22	3558.00
683.56	3514.00
683.90	3519.00
684.24	3509.00
684.58	3497.00
684.92	3534.00
685.26	3508.00
685.60	3496.00
685.94	3471.00
686.28	3481.00
686.62	3487.00
686.96	3456.00
687.30	3439.00
687.64	3431.00
687.98	3451.00
688.32	3441.00
688.66	3422.00
689.00	3429.00
689.34	3426.00
689.68	3403.00
690.02	3411.00
690.36	3393.00
690.69	3382.00
691.03	3379.00
691.37	3404.00
691.71	3373.00
692.05	3351.00
692.39	3361.00
692.73	3341.00
693.07	3336.00
693.41	3338.00
693.75	3319.00
694.08	3319.00
694.42	3292.00
694.76	3293.00
695.10	3279.00
695.44	3296.00
695.78	3288.00
696.12	3264.00
696.45	3261.00
696.79	3242.00
697.13	3231.00
697.47	3243.00
697.81	3217.00
698.14	3235.00
698.48	3186.00
698.82	3199.00
699.16	3190.00
699.50	3178.00
699.83	3183.00
700.17	3176.00
700.51	3162.00
700.85	3159.00
701.19	3135.00
701.52	3131.00
701.86	3123.00
702.20	3130.00
702.54	3073.00
702.87	3062.00
703.21	3096.00
703.55	3105.00
703.89	3074.00
704.22	3071.00
704.56	3051.00
704.90	3059.00
705.23	3023.00
705.57	3017.00
705.91	3008.00
706.25	3019.00
706.58	3028.00
706.92	2998.00
707.26	2995.00
707.59	3009.00
707.93	2981.00
708.27	2969.00
708.60	2960.00
708.94	2989.00
709.28	2925.00
709.61	2953.00
709.95	2952.00
710.28	2940.00
710.62	2916.00
710.96	2944.00
711.29	2923.00
711.63	2898.00
711.97	2886.00
712.30	2921.00
712.64	2913.00
712.97	2893.00
713.31	2908.00
713.65	2919.00
713.98	2844.00
714.32	2809.00
714.65	2823.00
714.99	2867.00
715.32	2843.00
715.66	2845.00
716.00	2867.00
716.33	2823.00
716.67	2829.00
717.00	2813.00
717.34	2768.00
717.67	2801.00
718.01	2809.00
718.34	2799.00
718.68	2777.00
719.01	2790.00
719.35	2764.00
719.68	2773.00
720.02	2748.00
720.35	2761.00
720.69	2729.00
721.02	2767.00
721.36	2730.00
721.69	2729.00
722.03	2725.00
722.36	2729.00
722.70	2761.00
723.03	2691.00
723.37	2753.00
723.70	2693.00
724.03	2740.00
724.37	2718.00
724.70	2693.00
725.04	2713.00
725.37	2658.00
725.71	2685.00
726.04	2660.00
726.37	2685.00
726.71	2670.00
727.04	2691.00
727.38	2677.00
727.71	2683.00
728.04	2668.00
728.38	2668.00
728.71	2650.00
729.04	2671.00
729.38	2677.00
729.71	2677.00
730.05	2680.00
730.38	2653.00
730.71	2681.00
731.05	2687.00
731.38	2700.00
731.71	2653.00
732.05	2681.00
732.38	2673.00
732.71	2650.00
733.04	2682.00
733.38	2671.00
733.71	2653.00
734.04	2657.00
734.38	2641.00
734.71	2676.00
735.04	2675.00
735.37	2641.00
735.71	2685.00
736.04	2664.00
736.37	2658.00
736.71	2676.00
737.04	2663.00
737.37	2670.00
737.70	2659.00
738.03	2670.00
738.37	2663.00
738.70	2657.00
739.03	2668.00
739.36	2651.00
739.70	2634.00
740.03	2669.00
740.36	2663.00
740.69	2647.00
741.02	2644.00
741.36	2656.00
741.69	2678.00
742.02	2667.00
742.35	2658.00
742.68	2658.00
743.01	2644.00
743.35	2656.00
743.68	2670.00
744.01	2651.00
744.34	2675.00
744.67	2671.00
745.00	2665.00
745.33	2650.00
745.66	2640.00
746.00	2660.00
746.33	2666.00
746.66	2638.00
746.99	2644.00
747.32	2647.00
747.65	2683.00
747.98	2648.00
748.31	2687.00
748.64	2647.00
748.97	2659.00
749.30	2654.00
749.64	2647.00
749.97	2649.00
750.30	2621.00
750.63	2619.00
750.96	2623.00
751.29	2628.00
751.62	2649.00
751.95	2624.00
752.28	2635.00
752.61	2613.00
752.94	2628.00
753.27	2623.00
753.60	2630.00
753.93	2622.00
754.26	2616.00
754.59	2598.00
754.92	2626.00
755.25	2599.00
755.58	2597.00
755.91	2611.00
756.24	2564.00
756.57	2578.00
756.90	2585.00
757.23	2603.00
757.55	2587.00
757.88	2553.00
758.21	2587.00
758.54	2541.00
758.87	2543.00
759.20	2573.00
759.53	2561.00
759.86	2533.00
760.19	2573.00
760.52	2525.00
760.85	2541.00
761.18	2533.00
761.50	2500.00
761.83	2477.00
762.16	2520.00
762.49	2494.00
762.82	2509.00
763.15	2509.00
763.48	2501.00
763.80	2471.00
764.13	2464.00
764.46	2472.00
764.79	2453.00
765.12	2427.00
765.45	2454.00
765.77	2414.00
766.10	2437.00
766.43	2417.00
766.76	2413.00
767.09	2423.00
767.41	2406.00
767.74	2382.00
768.07	2389.00
768.40	2398.00
768.73	2395.00
769.05	2373.00
769.38	2356.00
769.71	2329.00
770.04	2353.00
770.36	2339.00
770.69	2322.00
771.02	2325.00
771.34	2313.00
771.67	2342.00
772.00	2316.00
772.33	2279.00
772.65	2286.00
772.98	2287.00
773.31	2276.00
773.63	2250.00
773.96	2265.00
774.29	2245.00
774.62	2230.00
774.94	2241.00
775.27	2228.00
775.60	2215.00
775.92	2209.00
776.25	2212.00
776.58	2195.00
776.90	2196.00
777.23	2183.00
777.55	2165.00
777.88	2155.00
778.21	2164.00
778.53	2143.00
778.86	2133.00
779.19	2144.00
779.51	2115.00
779.84	2114.00
780.16	2116.00
780.49	2139.00
780.81	2084.00
781.14	2085.00
781.47	2107.00
781.79	2077.00
782.12	2045.00
782.44	2072.00
782.77	2066.00
783.09	2035.00
783.42	2035.00
783.75	2025.00
784.07	2040.00
784.40	2041.00
784.72	2023.00
785.05	1993.00
785.37	2001.00
785.70	1971.00
786.02	1970.00
786.35	1992.00
786.67	1996.00
787.00	1975.00
787.32	1967.00
787.65	1961.00
787.97	1965.00
788.30	1969.00
788.62	1930.00
788.94	1948.00
789.27	1921.00
789.59	1921.00
789.92	1917.00
790.24	1928.00
790.57	1900.00
790.89	1880.00
791.22	1875.00
791.54	1887.00
791.86	1881.00
792.19	1837.00
792.51	1859.00
792.84	1834.00
793.16	1813.00
793.48	1829.00
793.81	1828.00
794.13	1830.00
794.45	1819.00
794.78	1788.00
795.10	1802.00
795.43	1796.00
795.75	1793.00
796.07	1796.00
796.40	1788.00
796.72	1749.00
797.04	1739.00
797.37	1769.00
797.69	1712.00
798.01	1722.00
798.34	1753.00
798.66	1699.00
798.98	1696.00
799.30	1677.00
799.63	1731.00
799.95	1687.00
800.27	1709.00
800.60	1673.00
800.92	1672.00
801.24	1681.00
801.56	1629.00
801.89	1655.00
802.21	1657.00
802.53	1674.00
802.85	1663.00
803.18	1629.00
803.50	1612.00
803.82	1631.00
804.14	1624.00
804.46	1633.00
804.79	1631.00
805.11	1606.00
805.43	1575.00
805.75	1573.00
806.07	1596.00
806.40	1598.00
806.72	1612.00
807.04	1582.00
807.36	1569.00
807.68	1553.00
808.00	1581.00
808.33	1557.00
808.65	1553.00
808.97	1559.00
809.29	1554.00
809.61	1552.00
809.93	1538.00
810.25	1560.00
810.58	1532.00
810.90	1534.00
811.22	1528.00
811.54	1528.00
811.86	1527.00
812.18	1515.00
812.50	1507.00
812.82	1523.00
813.14	1520.00
813.46	1493.00
813.78	1517.00
814.10	1499.00
814.43	1493.00
814.75	1475.00
815.07	1501.00
815.39	1483.00
815.71	1486.00
816.03	1470.00
816.35	1481.00
816.67	1481.00
816.99	1489.00
817.31	1480.00
817.63	1466.00
817.95	1479.00
818.27	1461.00
818.59	1455.00
818.91	1469.00
819.23	1454.00
819.55	1445.00
819.87	1441.00
820.19	1461.00
820.51	1456.00
820.83	1460.00
821.14	1481.00
821.46	1433.00
821.78	1449.00
822.10	1423.00
822.42	1425.00
822.74	1425.00
823.06	1422.00
823.38	1437.00
823.70	1418.00
824.02	1424.00
824.34	1427.00
824.66	1429.00
824.97	1421.00
825.29	1431.00
825.61	1430.00
825.93	1431.00
826.25	1415.00
826.57	1439.00
826.89	1431.00
827.20	1405.00
827.52	1409.00
827.84	1402.00
828.16	1423.00
828.48	1420.00
828.80	1419.00
829.11	1396.00
829.43	1412.00
829.75	1403.00
830.07	1393.00
830.39	1376.00
830.70	1410.00
831.02	1385.00
831.34	1387.00
831.66	1397.00
831.98	1416.00
832.29	1394.00
832.61	1396.00
832.93	1374.00
833.25	1389.00
833.56	1379.00
833.88	1392.00
834.20	1391.00
834.52	1391.00
834.83	1409.00
835.15	1384.00
835.47	1412.00
835.78	1375.00
836.10	1381.00
836.42	1369.00
836.73	1373.00
837.05	1375.00
837.37	1385.00
837.68	1384.00
838.00	1393.00
838.32	1378.00
838.63	1387.00
838.95	1381.00
839.27	1384.00
839.58	1378.00
839.90	1377.00
840.22	1376.00
840.53	1395.00
840.85	1375.00
841.17	1367.00
841.48	1369.00
841.80	1386.00
842.11	1391.00
842.43	1391.00
842.75	1381.00
843.06	1380.00
843.38	1388.00
843.69	1373.00
844.01	1373.00
844.32	1374.00
844.64	1386.00
844.96	1382.00
845.27	1395.00
845.59	1368.00
845.90	1383.00
846.22	1365.00
846.53	1379.00
846.85	1364.00
847.16	1373.00
847.48	1380.00
847.79	1363.00
848.11	1385.00
848.42	1357.00
848.74	1389.00
849.05	1368.00
849.37	1364.00
849.68	1367.00
850.00	1358.00
850.31	1393.00
850.63	1355.00
850.94	1381.00
851.26	1360.00
851.57	1365.00
851.88	1349.00
852.20	1363.00
852.51	1369.00
852.83	1384.00
853.14	1371.00
853.46	1387.00
853.77	1376.00
854.08	1366.00
854.40	1359.00
854.71	1367.00
855.03	1375.00
855.34	1369.00
855.65	1379.00
855.97	1368.00
856.28	1377.00
856.59	1367.00
856.91	1356.00
857.22	1363.00
857.53	1347.00
857.85	1359.00
858.16	1347.00
858.47	1376.00
858.79	1355.00
859.10	1360.00
859.41	1349.00
859.73	1365.00
860.04	1367.00
860.35	1329.00
860.67	1353.00
860.98	1348.00
861.29	1359.00
861.60	1344.00
861.92	1346.00
862.23	1348.00
862.54	1358.00
862.86	1351.00
863.17	1343.00
863.48	1334.00
863.79	1344.00
864.10	1315.00
864.42	1341.00
864.73	1338.00
865.04	1325.00
865.35	1329.00
865.67	1314.00
865.98	1307.00
866.29	1331.00
866.60	1321.00
866.91	1287.00
867.23	1301.00
867.54	1306.00
867.85	1297.00
868.16	1291.00
868.47	1310.00
868.78	1291.00
869.09	1283.00
869.41	1272.00
869.72	1275.00
870.03	1282.00
870.34	1275.00
870.65	1283.00
870.96	1260.00
871.27	1260.00
871.58	1268.00
871.90	1265.00
872.21	1250.00
872.52	1249.00
872.83	1247.00
873.14	1227.00
873.45	1265.00
873.76	1233.00
874.07	1246.00
874.38	1200.00
874.69	1207.00
875.00	1217.00
875.31	1194.00
875.62	1199.00
875.93	1205.00
876.24	1192.00
876.55	1164.00
876.86	1173.00
877.17	1163.00
877.48	1153.00
877.79	1149.00
878.10	1162.00
878.41	1133.00
878.72	1136.00
879.03	1140.00
879.34	1115.00
879.65	1130.00
879.96	1128.00
880.27	1121.00
880.58	1108.00
880.89	1104.00
881.20	1108.00
881.51	1106.00
881.82	1103.00
882.13	1106.00
882.44	1079.00
882.75	1081.00
883.06	1098.00
883.37	1085.00
883.67	1083.00
883.98	1070.00
884.29	1089.00
884.60	1085.00
884.91	1069.00
885.22	1072.00
885.53	1073.00
885.84	1067.00
886.14	1064.00
886.45	1057.00
886.76	1063.00
887.07	1032.00
887.38	1059.00
887.69	1051.00
887.99	1049.00
888.30	1065.00
888.61	1042.00
888.92	1047.00
889.23	1034.00
889.53	1039.00
889.84	1043.00
890.15	1034.00
890.46	1020.00
890.77	1027.00
891.07	1025.00
891.38	1011.00
891.69	1021.00
892.00	1021.00
892.30	1010.00
892.61	1010.00
892.92	1021.00
893.23	1007.00
893.53	1026.00
893.84	1013.00
894.15	1006.00
894.45	997.00
894.76	999.00
895.07	980.00
895.38	981.00
895.68	990.00
895.99	988.00
896.30	982.00
896.60	992.00
896.91	984.00
897.22	977.00
897.52	987.00
897.83	960.00
898.14	981.00
898.44	962.00
898.75	974.00
899.05	966.00
899.36	965.00
899.67	973.00
899.97	941.00
900.28	949.00
900.58	954.00
900.89	961.00
901.20	942.00
901.50	941.00
901.81	947.00
902.11	922.00
902.42	926.00
902.73	948.00
903.03	934.00
903.34	918.00
903.64	926.00
903.95	927.00
904.25	933.00
904.56	924.00
904.86	935.00
905.17	912.00
905.47	919.00
905.78	913.00
906.08	911.00
906.39	911.00
906.69	894.00
907.00	923.00
907.30	908.00
907.61	912.00
907.91	889.00
908.22	908.00
908.52	891.00
908.83	897.00
909.13	889.00
909.44	887.00
909.74	888.00
910.04	869.00
910.35	873.00
910.65	881.00
910.96	872.00
911.26	875.00
911.56	857.00
911.87	866.00
912.17	879.00
912.48	870.00
912.78	868.00
913.08	872.00
913.39	860.00
913.69	856.00
914.00	857.00
914.30	862.00
914.60	838.00
914.91	842.00
915.21	852.00
915.51	844.00
915.82	840.00
916.12	844.00
916.42	840.00
916.73	831.00
917.03	822.00
917.33	824.00
917.63	822.00
917.94	819.00
918.24	828.00
918.54	830.00
918.85	804.00
919.15	818.00
919.45	817.00
919.75	812.00
920.06	804.00
920.36	809.00
920.66	805.00
920.96	800.00
921.27	782.00
921.57	803.00
921.87	803.00
922.17	780.00
922.47	800.00
922.78	801.00
923.08	778.00
923.38	784.00
923.68	788.00
923.98	782.00
924.29	785.00
924.59	773.00
924.89	769.00
925.19	762.00
925.49	776.00
925.79	779.00
926.10	747.00
926.40	749.00
926.70	760.00
927.00	756.00
927.30	747.00
927.60	740.00
927.90	754.00
928.20	749.00
928.50	738.00
928.81	745.00
929.11	727.00
929.41	724.00
929.71	738.00
930.01	717.00
930.31	727.00
930.61	715.00
930.91	724.00
931.21	710.00
931.51	711.00
931.81	721.00
932.11	692.00
932.41	699.00
932.71	699.00
933.01	687.00
933.31	684.00
933.61	689.00
933.91	666.00
934.21	680.00
934.51	694.00
934.81	660.00
935.11	662.00
935.41	662.00
935.71	644.00
936.01	651.00
936.31	645.00
936.61	635.00
936.91	635.00
937.21	630.00
937.51	613.00
937.81	613.00
938.11	605.00
938.41	604.00
938.70	586.00
939.00	587.00
939.30	576.00
939.60	577.00
939.90	569.00
940.20	565.00
940.50	567.00
940.80	552.00
941.10	546.00
941.39	547.00
941.69	537.00
941.99	532.00
942.29	531.00
942.59	528.00
942.89	528.00
943.18	524.00
943.48	524.00
943.78	513.00
944.08	516.00
944.38	515.00
944.68	512.00
944.97	510.00
945.27	500.00
945.57	503.00
945.87	499.00
946.16	502.00
946.46	498.00
946.76	502.00
947.06	495.00
947.35	503.00
947.65	507.00
947.95	491.00
948.25	499.00
948.54	501.00
948.84	492.00
949.14	501.00
949.44	514.00
949.73	498.00
950.03	505.00
950.33	491.00
950.62	503.00
950.92	501.00
951.22	498.00
951.51	497.00
951.81	500.00
952.11	503.00
952.40	503.00
952.70	503.00
953.00	506.00
953.29	508.00
953.59	501.00
953.89	510.00
954.18	509.00
954.48	500.00
954.77	500.00
955.07	501.00
955.37	498.00
955.66	499.00
955.96	496.00
956.25	503.00
956.55	501.00
956.85	505.00
957.14	510.00
957.44	495.00
957.73	495.00
958.03	509.00
958.32	507.00
958.62	492.00
958.91	501.00
959.21	496.00
959.50	489.00
959.80	504.00
960.09	490.00
960.39	496.00
960.68	498.00
960.98	499.00
961.27	490.00
961.57	489.00
961.86	493.00
962.16	493.00
962.45	491.00
962.75	497.00
963.04	496.00
963.34	489.00
963.63	496.00
963.93	499.00
964.22	488.00
964.51	487.00
964.81	488.00
965.10	490.00
965.40	496.00
965.69	484.00
965.98	486.00
966.28	481.00
966.57	488.00
966.87	491.00
967.16	487.00
967.45	483.00
967.75	489.00
968.04	500.00
968.33	488.00
968.63	486.00
968.92	489.00
969.21	491.00
969.51	488.00
969.80	487.00
970.09	490.00
970.39	495.00
970.68	488.00
970.97	485.00
971.27	488.00
971.56	482.00
971.85	480.00
972.14	478.00
972.44	478.00
972.73	472.00
973.02	481.00
973.32	475.00
973.61	475.00
973.90	477.00
974.19	477.00
974.48	481.00
974.78	483.00
975.07	489.00
975.36	472.00
975.65	473.00
975.95	477.00
976.24	475.00
976.53	470.00
976.82	473.00
977.11	474.00
977.40	478.00
977.70	482.00
977.99	474.00
978.28	472.00
978.57	469.00
978.86	472.00
979.15	462.00
979.45	467.00
979.74	472.00
980.03	471.00
980.32	476.00
980.61	469.00
980.90	466.00
981.19	465.00
981.48	473.00
981.77	458.00
982.07	468.00
982.36	471.00
982.65	468.00
982.94	463.00
983.23	459.00
983.52	454.00
983.81	465.00
984.10	459.00
984.39	471.00
984.68	471.00
984.97	463.00
985.26	468.00
985.55	458.00
985.84	466.00
986.13	455.00
986.42	465.00
986.71	461.00
987.00	460.00
987.29	458.00
987.58	456.00
987.87	453.00
988.16	458.00
988.45	451.00
988.74	459.00
989.03	456.00
989.32	450.00
989.61	441.00
989.90	453.00
990.19	444.00
990.48	454.00
990.76	449.00
991.05	447.00
991.34	440.00
991.63	444.00
991.92	450.00
992.21	451.00
992.50	447.00
992.79	449.00
993.08	443.00
993.36	444.00
993.65	435.00
993.94	447.00
994.23	448.00
994.52	436.00
994.81	450.00
995.09	440.00
995.38	439.00
995.67	439.00
995.96	446.00
996.25	443.00
996.54	441.00
996.82	437.00
997.11	434.00
997.40	436.00
997.69	439.00
997.97	440.00
998.26	438.00
998.55	435.00
998.84	439.00
999.12	437.00
999.41	426.00
999.70	434.00
999.99	429.00
1000.27	436.00
1000.56	431.00
1000.85	424.00
1001.14	425.00
1001.42	434.00
1001.71	418.00
1002.00	425.00
1002.28	420.00
1002.57	428.00
1002.86	417.00
1003.14	420.00
1003.43	435.00
1003.72	419.00
1004.00	421.00
1004.29	418.00
1004.58	417.00
1004.86	429.00
1005.15	421.00
1005.44	422.00
1005.72	419.00
1006.01	418.00
1006.29	421.00
1006.58	416.00
1006.87	420.00
1007.15	424.00
1007.44	406.00
1007.72	415.00
1008.01	421.00
1008.29	412.00
1008.58	415.00
1008.87	416.00
1009.15	411.00
1009.44	411.00
1009.72	410.00
1010.01	411.00
1010.29	407.00
1010.58	418.00
1010.86	409.00
1011.15	414.00
1011.43	405.00
1011.72	413.00
1012.00	404.00
1012.29	410.00
1012.57	400.00
1012.86	391.00
1013.14	401.00
1013.43	396.00
1013.71	399.00
1013.99	407.00
1014.28	398.00
1014.56	408.00
1014.85	390.00
1015.13	392.00
1015.42	388.00
1015.70	400.00
1015.98	399.00
1016.27	397.00
1016.55	401.00
1016.84	394.00
1017.12	394.00
1017.40	396.00
1017.69	396.00
1017.97	391.00
1018.26	394.00
1018.54	389.00
1018.82	387.00
1019.11	397.00
1019.39	388.00
1019.67	394.00
1019.96	392.00
1020.24	390.00
1020.52	387.00
1020.81	389.00
1021.09	388.00
1021.37	384.00
1021.65	385.00
1021.94	382.00
1022.22	380.00
1022.50	387.00
1022.79	378.00
1023.07	391.00
1023.35	387.00
1023.63	383.00
1023.92	381.00
1024.20	376.00
1024.48	374.00
1024.76	378.00
1025.04	375.00
1025.33	380.00
1025.61	379.00
