339.89	0.00
340.27	262.00
340.65	261.00
341.03	265.00
341.41	263.00
341.79	283.00
342.18	269.00
342.56	276.00
342.94	271.00
343.32	282.00
343.70	278.00
344.08	271.00
344.46	273.00
344.84	281.00
345.22	275.00
345.60	273.00
345.98	307.00
346.36	276.00
346.74	277.00
347.12	282.00
347.50	312.00
347.89	277.00
348.27	272.00
348.65	272.00
349.03	275.00
349.41	284.00
349.79	283.00
350.17	284.00
350.55	297.00
350.93	300.00
351.31	299.00
351.69	300.00
352.07	302.00
352.45	297.00
352.83	298.00
353.21	296.00
353.59	303.00
353.97	292.00
354.35	292.00
354.72	297.00
355.10	294.00
355.48	295.00
355.86	294.00
356.24	291.00
356.62	291.00
357.00	330.00
357.38	293.00
357.76	292.00
358.14	293.00
358.52	290.00
358.90	290.00
359.28	293.00
359.66	289.00
360.04	285.00
360.41	288.00
360.79	293.00
361.17	296.00
361.55	292.00
361.93	298.00
362.31	293.00
362.69	303.00
363.07	297.00
363.45	343.00
363.82	292.00
364.20	284.00
364.58	290.00
364.96	293.00
365.34	297.00
365.72	289.00
366.10	287.00
366.47	289.00
366.85	292.00
367.23	292.00
367.61	299.00
367.99	296.00
368.37	290.00
368.74	287.00
369.12	285.00
369.50	293.00
369.88	329.00
370.26	327.00
370.64	292.00
371.01	290.00
371.39	291.00
371.77	291.00
372.15	297.00
372.52	284.00
372.90	289.00
373.28	302.00
373.66	289.00
374.04	291.00
374.41	288.00
374.79	320.00
375.17	290.00
375.55	288.00
375.92	302.00
376.30	287.00
376.68	288.00
377.06	292.00
377.43	303.00
377.81	283.00
378.19	289.00
378.56	296.00
378.94	292.00
379.32	291.00
379.70	290.00
380.07	290.00
380.45	294.00
380.83	293.00
381.20	295.00
381.58	288.00
381.96	316.00
382.33	295.00
382.71	295.00
383.09	297.00
383.46	302.00
383.84	296.00
384.22	289.00
384.59	290.00
384.97	291.00
385.35	296.00
385.72	294.00
386.10	294.00
386.48	295.00
386.85	301.00
387.23	288.00
387.60	290.00
387.98	290.00
388.36	296.00
388.73	296.00
389.11	295.00
389.49	295.00
389.86	300.00
390.24	322.00
390.61	300.00
390.99	313.00
391.36	301.00
391.74	290.00
392.12	297.00
392.49	296.00
392.87	288.00
393.24	295.00
393.62	293.00
393.99	298.00
394.37	289.00
394.75	294.00
395.12	292.00
395.50	289.00
395.87	295.00
396.25	295.00
396.62	302.00
397.00	310.00
397.37	294.00
397.75	297.00
398.12	303.00
398.50	292.00
398.87	293.00
399.25	293.00
399.62	296.00
400.00	301.00
400.37	295.00
400.75	327.00
401.12	293.00
401.50	295.00
401.87	298.00
402.25	356.00
402.62	297.00
403.00	295.00
403.37	296.00
403.75	294.00
404.12	298.00
404.49	296.00
404.87	299.00
405.24	295.00
405.62	299.00
405.99	294.00
406.37	294.00
406.74	297.00
407.11	298.00
407.49	302.00
407.86	345.00
408.24	297.00
408.61	300.00
408.98	297.00
409.36	294.00
409.73	297.00
410.11	291.00
410.48	297.00
410.85	293.00
411.23	293.00
411.60	301.00
411.97	289.00
412.35	293.00
412.72	298.00
413.10	301.00
413.47	298.00
413.84	297.00
414.22	300.00
414.59	298.00
414.96	295.00
415.34	326.00
415.71	296.00
416.08	291.00
416.45	298.00
416.83	294.00
417.20	308.00
417.57	296.00
417.95	298.00
418.32	294.00
418.69	301.00
419.07	296.00
419.44	293.00
419.81	299.00
420.18	297.00
420.56	298.00
420.93	292.00
421.30	298.00
421.67	292.00
422.05	295.00
422.42	301.00
422.79	295.00
423.16	296.00
423.54	297.00
423.91	298.00
424.28	296.00
424.65	295.00
425.03	304.00
425.40	306.00
425.77	301.00
426.14	301.00
426.51	292.00
426.89	297.00
427.26	296.00
427.63	302.00
428.00	302.00
428.37	295.00
428.75	295.00
429.12	296.00
429.49	299.00
429.86	295.00
430.23	296.00
430.60	303.00
430.98	300.00
431.35	298.00
431.72	302.00
432.09	295.00
432.46	300.00
432.83	304.00
433.20	302.00
433.58	306.00
433.95	302.00
434.32	304.00
434.69	300.00
435.06	307.00
435.43	294.00
435.80	305.00
436.17	308.00
436.54	297.00
436.92	302.00
437.29	304.00
437.66	295.00
438.03	297.00
438.40	304.00
438.77	298.00
439.14	297.00
439.51	303.00
439.88	301.00
440.25	298.00
440.62	309.00
440.99	305.00
441.36	296.00
441.73	296.00
442.10	299.00
442.47	302.00
442.84	299.00
443.21	300.00
443.58	298.00
443.96	304.00
444.33	304.00
444.70	297.00
445.07	303.00
445.44	300.00
445.81	328.00
446.17	303.00
446.54	299.00
446.91	295.00
447.28	305.00
447.65	315.00
448.02	300.00
448.39	302.00
448.76	301.00
449.13	299.00
449.50	304.00
449.87	298.00
450.24	300.00
450.61	324.00
450.98	304.00
451.35	306.00
451.72	298.00
452.09	303.00
452.46	301.00
452.83	309.00
453.19	304.00
453.56	297.00
453.93	299.00
454.30	308.00
454.67	300.00
455.04	301.00
455.41	302.00
455.78	299.00
456.15	315.00
456.51	309.00
456.88	304.00
457.25	293.00
457.62	307.00
457.99	302.00
458.36	308.00
458.73	298.00
459.09	395.00
459.46	302.00
459.83	306.00
460.20	305.00
460.57	303.00
460.94	301.00
461.30	300.00
461.67	308.00
462.04	325.00
462.41	304.00
462.78	302.00
463.14	307.00
463.51	301.00
463.88	301.00
464.25	303.00
464.62	303.00
464.98	302.00
465.35	309.00
465.72	303.00
466.09	308.00
466.45	301.00
466.82	304.00
467.19	305.00
467.56	298.00
467.92	306.00
468.29	300.00
468.66	310.00
469.03	304.00
469.39	309.00
469.76	306.00
470.13	323.00
470.50	303.00
470.86	305.00
471.23	309.00
471.60	313.00
471.96	306.00
472.33	317.00
472.70	309.00
473.06	316.00
473.43	312.00
473.80	322.00
474.16	319.00
474.53	318.00
474.90	318.00
475.26	318.00
475.63	329.00
476.00	320.00
476.36	336.00
476.73	328.00
477.10	327.00
477.46	329.00
477.83	334.00
478.20	330.00
478.56	335.00
478.93	345.00
479.29	338.00
479.66	346.00
480.03	355.00
480.39	347.00
480.76	346.00
481.12	356.00
481.49	357.00
481.86	352.00
482.22	365.00
482.59	367.00
482.95	364.00
483.32	371.00
483.68	379.00
484.05	379.00
484.42	405.00
484.78	393.00
485.15	393.00
485.51	402.00
485.88	406.00
486.24	408.00
486.61	412.00
486.97	413.00
487.34	419.00
487.70	429.00
488.07	425.00
488.43	443.00
488.80	445.00
489.16	461.00
489.53	468.00
489.89	471.00
490.26	473.00
490.62	477.00
490.99	488.00
491.35	494.00
491.72	501.00
492.08	506.00
492.45	512.00
492.81	523.00
493.18	532.00
493.54	543.00
493.90	556.00
494.27	561.00
494.63	572.00
495.00	568.00
495.36	579.00
495.73	607.00
496.09	594.00
496.45	608.00
496.82	622.00
497.18	613.00
497.55	633.00
497.91	648.00
498.27	647.00
498.64	661.00
499.00	675.00
499.37	671.00
499.73	691.00
500.09	697.00
500.46	703.00
500.82	714.00
501.18	731.00
501.55	735.00
501.91	750.00
502.28	749.00
502.64	760.00
503.00	760.00
503.37	781.00
503.73	788.00
504.09	791.00
504.46	799.00
504.82	815.00
505.18	820.00
505.54	834.00
505.91	834.00
506.27	860.00
506.63	835.00
507.00	868.00
507.36	855.00
507.72	875.00
508.08	877.00
508.45	900.00
508.81	882.00
509.17	906.00
509.54	909.00
509.90	917.00
510.26	906.00
510.62	921.00
510.99	928.00
511.35	931.00
511.71	923.00
512.07	958.00
512.43	933.00
512.80	955.00
513.16	966.00
513.52	971.00
513.88	952.00
514.25	978.00
514.61	969.00
514.97	976.00
515.33	972.00
515.69	980.00
516.05	1005.00
516.42	985.00
516.78	998.00
517.14	986.00
517.50	974.00
517.86	998.00
518.23	1013.00
518.59	978.00
518.95	997.00
519.31	987.00
519.67	999.00
520.03	986.00
520.39	984.00
520.75	980.00
521.12	974.00
521.48	991.00
521.84	991.00
522.20	981.00
522.56	975.00
522.92	973.00
523.28	978.00
523.64	953.00
524.00	970.00
524.37	983.00
524.73	957.00
525.09	956.00
525.45	953.00
525.81	953.00
526.17	944.00
526.53	924.00
526.89	941.00
527.25	931.00
527.61	921.00
527.97	931.00
528.33	904.00
528.69	902.00
529.05	887.00
529.41	905.00
529.77	903.00
530.13	891.00
530.49	888.00
530.85	869.00
531.21	862.00
531.57	866.00
531.93	864.00
532.29	834.00
532.65	851.00
533.01	837.00
533.37	834.00
533.73	831.00
534.09	815.00
534.45	815.00
534.81	813.00
535.17	806.00
535.53	801.00
535.89	809.00
536.25	789.00
536.61	798.00
536.97	778.00
537.33	777.00
537.69	765.00
538.04	765.00
538.40	767.00
538.76	759.00
539.12	747.00
539.48	756.00
539.84	749.00
540.20	756.00
540.56	750.00
540.92	728.00
541.28	730.00
541.63	738.00
541.99	727.00
542.35	738.00
542.71	729.00
543.07	733.00
543.43	726.00
543.79	741.00
544.14	733.00
544.50	714.00
544.86	737.00
545.22	731.00
545.58	721.00
545.94	732.00
546.29	735.00
546.65	739.00
547.01	763.00
547.37	756.00
547.73	759.00
548.08	746.00
548.44	748.00
548.80	749.00
549.16	778.00
549.52	771.00
549.87	783.00
550.23	776.00
550.59	786.00
550.95	806.00
551.30	810.00
551.66	819.00
552.02	808.00
552.38	841.00
552.73	851.00
553.09	852.00
553.45	862.00
553.81	873.00
554.16	868.00
554.52	883.00
554.88	903.00
555.23	916.00
555.59	923.00
555.95	931.00
556.31	940.00
556.66	985.00
557.02	976.00
557.38	993.00
557.73	994.00
558.09	1026.00
558.45	1029.00
558.80	1051.00
559.16	1065.00
559.52	1075.00
559.87	1088.00
560.23	1115.00
560.59	1139.00
560.94	1143.00
561.30	1151.00
561.65	1173.00
562.01	1195.00
562.37	1193.00
562.72	1223.00
563.08	1243.00
563.43	1270.00
563.79	1260.00
564.15	1308.00
564.50	1299.00
564.86	1373.00
565.21	1355.00
565.57	1385.00
565.93	1397.00
566.28	1460.00
566.64	1408.00
566.99	1445.00
567.35	1440.00
567.70	1485.00
568.06	1479.00
568.41	1520.00
568.77	1513.00
569.13	1532.00
569.48	1553.00
569.84	1567.00
570.19	1587.00
570.55	1619.00
570.90	1624.00
571.26	1637.00
571.61	1632.00
571.97	1670.00
572.32	1682.00
572.68	1696.00
573.03	1708.00
573.39	1736.00
573.74	1742.00
574.10	1759.00
574.45	1756.00
574.81	1764.00
575.16	1753.00
575.51	1802.00
575.87	1812.00
576.22	1811.00
576.58	1829.00
576.93	1835.00
577.29	1827.00
577.64	1853.00
577.99	1833.00
578.35	1871.00
578.70	1854.00
579.06	1885.00
579.41	1891.00
579.77	1897.00
580.12	1898.00
580.47	1888.00
580.83	1907.00
581.18	1921.00
581.53	1937.00
581.89	1952.00
582.24	1931.00
582.60	1982.00
582.95	1947.00
583.30	1942.00
583.66	1979.00
584.01	1962.00
584.36	1965.00
584.72	1965.00
585.07	1986.00
585.42	1998.00
585.78	1959.00
586.13	1962.00
586.48	1962.00
586.84	1969.00
587.19	1990.00
587.54	1981.00
587.90	1964.00
588.25	1967.00
588.60	1946.00
588.95	1951.00
589.31	1973.00
589.66	1947.00
590.01	1953.00
590.36	1950.00
590.72	1928.00
591.07	1938.00
591.42	1909.00
591.78	1932.00
592.13	1910.00
592.48	1891.00
592.83	1901.00
593.18	1867.00
593.54	1869.00
593.89	1872.00
594.24	1863.00
594.59	1887.00
594.95	1865.00
595.30	1835.00
595.65	1824.00
596.00	1832.00
596.35	1816.00
596.71	1836.00
597.06	1785.00
597.41	1781.00
597.76	1782.00
598.11	1764.00
598.46	1750.00
598.82	1739.00
599.17	1713.00
599.52	1727.00
599.87	1708.00
600.22	1682.00
600.57	1697.00
600.92	1667.00
601.27	1665.00
601.63	1645.00
601.98	1626.00
602.33	1629.00
602.68	1649.00
603.03	1596.00
603.38	1603.00
603.73	1599.00
604.08	1585.00
604.43	1561.00
604.79	1549.00
605.14	1549.00
605.49	1533.00
605.84	1523.00
606.19	1513.00
606.54	1519.00
606.89	1503.00
607.24	1472.00
607.59	1454.00
607.94	1467.00
608.29	1443.00
608.64	1430.00
608.99	1410.00
609.34	1421.00
609.69	1391.00
610.04	1382.00
610.39	1369.00
610.74	1373.00
611.09	1366.00
611.44	1357.00
611.79	1354.00
612.14	1339.00
612.49	1355.00
612.84	1328.00
613.19	1305.00
613.54	1289.00
613.89	1279.00
614.24	1276.00
614.59	1275.00
614.94	1285.00
615.29	1240.00
615.64	1275.00
615.99	1240.00
616.34	1232.00
616.69	1222.00
617.03	1216.00
617.38	1219.00
617.73	1215.00
618.08	1187.00
618.43	1229.00
618.78	1168.00
619.13	1175.00
619.48	1149.00
619.83	1167.00
620.18	1150.00
620.52	1139.00
620.87	1156.00
621.22	1130.00
621.57	1109.00
621.92	1108.00
622.27	1100.00
622.62	1104.00
622.96	1103.00
623.31	1083.00
623.66	1089.00
624.01	1079.00
624.36	1092.00
624.71	1067.00
625.05	1072.00
625.40	1052.00
625.75	1048.00
626.10	1038.00
626.45	1036.00
626.79	1044.00
627.14	1012.00
627.49	1007.00
627.84	1012.00
628.18	1019.00
628.53	1010.00
628.88	986.00
629.23	989.00
629.58	986.00
629.92	982.00
630.27	978.00
630.62	976.00
630.97	965.00
631.31	959.00
631.66	999.00
632.01	957.00
632.35	941.00
632.70	939.00
633.05	945.00
633.40	930.00
633.74	930.00
634.09	924.00
634.44	921.00
634.78	915.00
635.13	909.00
635.48	901.00
635.82	908.00
636.17	906.00
636.52	881.00
636.86	881.00
637.21	870.00
637.56	879.00
637.90	871.00
638.25	877.00
638.60	872.00
638.94	863.00
639.29	875.00
639.63	854.00
639.98	841.00
640.33	826.00
640.67	832.00
641.02	840.00
641.36	832.00
641.71	825.00
642.06	822.00
642.40	807.00
642.75	813.00
643.09	811.00
643.44	806.00
643.79	795.00
644.13	792.00
644.48	783.00
644.82	787.00
645.17	783.00
645.51	787.00
645.86	767.00
646.20	772.00
646.55	766.00
646.89	763.00
647.24	766.00
647.58	755.00
647.93	751.00
648.27	747.00
648.62	748.00
648.96	731.00
649.31	751.00
649.65	741.00
650.00	729.00
650.34	727.00
650.69	731.00
651.03	723.00
651.38	716.00
651.72	710.00
652.07	708.00
652.41	701.00
652.76	706.00
653.10	707.00
653.44	716.00
653.79	703.00
654.13	694.00
654.48	698.00
654.82	693.00
655.17	700.00
655.51	694.00
655.85	677.00
656.20	674.00
656.54	689.00
656.89	667.00
657.23	677.00
657.57	659.00
657.92	661.00
658.26	670.00
658.60	660.00
658.95	671.00
659.29	652.00
659.63	666.00
659.98	650.00
660.32	659.00
660.66	654.00
661.01	660.00
661.35	660.00
661.69	649.00
662.04	642.00
662.38	634.00
662.72	648.00
663.07	639.00
663.41	635.00
663.75	623.00
664.10	627.00
664.44	647.00
664.78	636.00
665.12	620.00
665.47	623.00
665.81	657.00
666.15	629.00
666.49	620.00
666.84	613.00
667.18	616.00
667.52	615.00
667.86	615.00
668.21	609.00
668.55	621.00
668.89	618.00
669.23	606.00
669.58	607.00
669.92	607.00
670.26	627.00
670.60	615.00
670.94	602.00
671.29	602.00
671.63	593.00
671.97	598.00
672.31	590.00
672.65	591.00
672.99	586.00
673.34	594.00
673.68	599.00
674.02	597.00
674.36	582.00
674.70	586.00
675.04	585.00
675.38	588.00
675.73	586.00
676.07	577.00
676.41	590.00
676.75	573.00
677.09	583.00
677.43	581.00
677.77	578.00
678.11	572.00
678.45	574.00
678.79	570.00
679.14	584.00
679.48	575.00
679.82	572.00
680.16	576.00
680.50	576.00
680.84	564.00
681.18	559.00
681.52	571.00
681.86	564.00
682.20	565.00
682.54	563.00
682.88	573.00
683.22	557.00
683.56	560.00
683.90	558.00
684.24	564.00
684.58	563.00
684.92	575.00
685.26	559.00
685.60	555.00
685.94	567.00
686.28	565.00
686.62	560.00
686.96	557.00
687.30	538.00
687.64	551.00
687.98	558.00
688.32	554.00
688.66	556.00
689.00	551.00
689.34	556.00
689.68	549.00
690.02	551.00
690.36	545.00
690.69	547.00
691.03	541.00
691.37	551.00
691.71	559.00
692.05	540.00
692.39	540.00
692.73	550.00
693.07	541.00
693.41	539.00
693.75	547.00
694.08	545.00
694.42	547.00
694.76	552.00
695.10	542.00
695.44	531.00
695.78	546.00
696.12	550.00
696.45	543.00
696.79	545.00
697.13	537.00
697.47	547.00
697.81	541.00
698.14	545.00
698.48	542.00
698.82	533.00
699.16	543.00
699.50	539.00
699.83	535.00
700.17	542.00
700.51	531.00
700.85	541.00
701.19	541.00
701.52	537.00
701.86	535.00
702.20	539.00
702.54	534.00
702.87	532.00
703.21	532.00
703.55	525.00
703.89	543.00
704.22	541.00
704.56	528.00
704.90	540.00
705.23	533.00
705.57	521.00
705.91	556.00
706.25	536.00
706.58	529.00
706.92	531.00
707.26	540.00
707.59	543.00
707.93	578.00
708.27	534.00
708.60	534.00
708.94	550.00
709.28	536.00
709.61	541.00
709.95	543.00
710.28	549.00
710.62	534.00
710.96	545.00
711.29	553.00
711.63	536.00
711.97	538.00
712.30	545.00
712.64	540.00
712.97	540.00
713.31	539.00
713.65	542.00
713.98	541.00
714.32	541.00
714.65	550.00
714.99	543.00
715.32	541.00
715.66	545.00
716.00	547.00
716.33	563.00
716.67	579.00
717.00	547.00
717.34	537.00
717.67	549.00
718.01	549.00
718.34	557.00
718.68	553.00
719.01	551.00
719.35	542.00
719.68	559.00
720.02	546.00
720.35	556.00
720.69	548.00
721.02	551.00
721.36	571.00
721.69	558.00
722.03	552.00
722.36	563.00
722.70	572.00
723.03	556.00
723.37	570.00
723.70	566.00
724.03	558.00
724.37	567.00
724.70	561.00
725.04	574.00
725.37	573.00
725.71	575.00
726.04	572.00
726.37	567.00
726.71	556.00
727.04	585.00
727.38	556.00
727.71	558.00
728.04	573.00
728.38	562.00
728.71	573.00
729.04	577.00
729.38	568.00
729.71	570.00
730.05	572.00
730.38	570.00
730.71	584.00
731.05	577.00
731.38	585.00
731.71	581.00
732.05	582.00
732.38	575.00
732.71	586.00
733.04	586.00
733.38	587.00
733.71	589.00
734.04	590.00
734.38	585.00
734.71	591.00
735.04	598.00
735.37	596.00
735.71	606.00
736.04	599.00
736.37	596.00
736.71	609.00
737.04	596.00
737.37	601.00
737.70	602.00
738.03	617.00
738.37	598.00
738.70	603.00
739.03	607.00
739.36	603.00
739.70	607.00
740.03	603.00
740.36	613.00
740.69	599.00
741.02	607.00
741.36	625.00
741.69	611.00
742.02	601.00
742.35	613.00
742.68	612.00
743.01	618.00
743.35	618.00
743.68	619.00
744.01	616.00
744.34	618.00
744.67	613.00
745.00	611.00
745.33	620.00
745.66	621.00
746.00	627.00
746.33	627.00
746.66	629.00
746.99	618.00
747.32	614.00
747.65	623.00
747.98	635.00
748.31	617.00
748.64	616.00
748.97	629.00
749.30	631.00
749.64	1068.00
749.97	634.00
750.30	630.00
750.63	629.00
750.96	631.00
751.29	631.00
751.62	636.00
751.95	635.00
752.28	634.00
752.61	625.00
752.94	632.00
753.27	639.00
753.60	627.00
753.93	644.00
754.26	646.00
754.59	635.00
754.92	649.00
755.25	649.00
755.58	643.00
755.91	649.00
756.24	626.00
756.57	644.00
756.90	631.00
757.23	648.00
757.55	636.00
757.88	635.00
758.21	645.00
758.54	637.00
758.87	644.00
759.20	648.00
759.53	646.00
759.86	637.00
760.19	644.00
760.52	654.00
760.85	646.00
761.18	646.00
761.50	638.00
761.83	640.00
762.16	649.00
762.49	635.00
762.82	657.00
763.15	637.00
763.48	646.00
763.80	644.00
764.13	647.00
764.46	655.00
764.79	632.00
765.12	648.00
765.45	643.00
765.77	647.00
766.10	639.00
766.43	639.00
766.76	635.00
767.09	1043.00
767.41	641.00
767.74	643.00
768.07	631.00
768.40	645.00
768.73	635.00
769.05	635.00
769.38	642.00
769.71	640.00
770.04	638.00
770.36	647.00
770.69	640.00
771.02	632.00
771.34	635.00
771.67	628.00
772.00	641.00
772.33	633.00
772.65	635.00
772.98	632.00
773.31	641.00
773.63	636.00
773.96	638.00
774.29	632.00
774.62	642.00
774.94	637.00
775.27	632.00
775.60	636.00
775.92	632.00
776.25	625.00
776.58	618.00
776.90	666.00
777.23	642.00
777.55	615.00
777.88	621.00
778.21	628.00
778.53	643.00
778.86	617.00
779.19	625.00
779.51	628.00
779.84	621.00
780.16	611.00
780.49	619.00
780.81	615.00
781.14	609.00
781.47	604.00
781.79	613.00
782.12	619.00
782.44	599.00
782.77	617.00
783.09	601.00
783.42	610.00
783.75	604.00
784.07	595.00
784.40	606.00
784.72	603.00
785.05	607.00
785.37	614.00
785.70	612.00
786.02	605.00
786.35	603.00
786.67	606.00
787.00	594.00
787.32	625.00
787.65	601.00
787.97	587.00
788.30	591.00
788.62	580.00
788.94	596.00
789.27	587.00
789.59	584.00
789.92	580.00
790.24	583.00
790.57	580.00
790.89	586.00
791.22	575.00
791.54	584.00
791.86	587.00
792.19	570.00
792.51	577.00
792.84	584.00
793.16	575.00
793.48	571.00
793.81	580.00
794.13	575.00
794.45	567.00
794.78	566.00
795.10	567.00
795.43	565.00
795.75	565.00
796.07	573.00
796.40	602.00
796.72	593.00
797.04	561.00
797.37	564.00
797.69	560.00
798.01	555.00
798.34	574.00
798.66	557.00
798.98	548.00
799.30	546.00
799.63	573.00
799.95	576.00
800.27	559.00
800.60	557.00
800.92	551.00
801.24	552.00
801.56	541.00
801.89	537.00
802.21	544.00
802.53	540.00
802.85	553.00
803.18	534.00
803.50	537.00
803.82	539.00
804.14	543.00
804.46	547.00
804.79	545.00
805.11	541.00
805.43	532.00
805.75	529.00
806.07	550.00
806.40	536.00
806.72	542.00
807.04	556.00
807.36	528.00
807.68	531.00
808.00	536.00
808.33	533.00
808.65	536.00
808.97	525.00
809.29	523.00
809.61	525.00
809.93	533.00
810.25	535.00
810.58	526.00
810.90	529.00
811.22	515.00
811.54	532.00
811.86	523.00
812.18	519.00
812.50	521.00
812.82	526.00
813.14	523.00
813.46	532.00
813.78	523.00
814.10	510.00
814.43	523.00
814.75	515.00
815.07	521.00
815.39	523.00
815.71	538.00
816.03	523.00
816.35	512.00
816.67	521.00
816.99	501.00
817.31	520.00
817.63	522.00
817.95	508.00
818.27	509.00
818.59	510.00
818.91	515.00
819.23	525.00
819.55	506.00
819.87	501.00
820.19	517.00
820.51	511.00
820.83	506.00
821.14	511.00
821.46	505.00
821.78	510.00
822.10	500.00
822.42	502.00
822.74	499.00
823.06	509.00
823.38	502.00
823.70	506.00
824.02	501.00
824.34	503.00
824.66	492.00
824.97	520.00
825.29	504.00
825.61	504.00
825.93	503.00
826.25	505.00
826.57	506.00
826.89	502.00
827.20	495.00
827.52	500.00
827.84	498.00
828.16	506.00
828.48	493.00
828.80	500.00
829.11	499.00
829.43	506.00
829.75	523.00
830.07	495.00
830.39	500.00
830.70	500.00
831.02	499.00
831.34	500.00
831.66	488.00
831.98	489.00
832.29	507.00
832.61	498.00
832.93	494.00
833.25	503.00
833.56	499.00
833.88	503.00
834.20	506.00
834.52	490.00
834.83	501.00
835.15	496.00
835.47	503.00
835.78	501.00
836.10	492.00
836.42	478.00
836.73	495.00
837.05	493.00
837.37	495.00
837.68	498.00
838.00	513.00
838.32	500.00
838.63	494.00
838.95	498.00
839.27	485.00
839.58	497.00
839.90	493.00
840.22	491.00
840.53	483.00
840.85	499.00
841.17	491.00
841.48	505.00
841.80	501.00
842.11	497.00
842.43	496.00
842.75	482.00
843.06	489.00
843.38	491.00
843.69	494.00
844.01	502.00
844.32	494.00
844.64	496.00
844.96	492.00
845.27	492.00
845.59	483.00
845.90	496.00
846.22	496.00
846.53	481.00
846.85	492.00
847.16	493.00
847.48	497.00
847.79	492.00
848.11	492.00
848.42	477.00
848.74	489.00
849.05	484.00
849.37	490.00
849.68	485.00
850.00	482.00
850.31	491.00
850.63	489.00
850.94	476.00
851.26	487.00
851.57	493.00
851.88	477.00
852.20	486.00
852.51	485.00
852.83	487.00
853.14	480.00
853.46	495.00
853.77	495.00
854.08	484.00
854.40	479.00
854.71	489.00
855.03	497.00
855.34	484.00
855.65	491.00
855.97	491.00
856.28	490.00
856.59	486.00
856.91	478.00
857.22	475.00
857.53	481.00
857.85	482.00
858.16	484.00
858.47	484.00
858.79	490.00
859.10	492.00
859.41	486.00
859.73	476.00
860.04	481.00
860.35	484.00
860.67	471.00
860.98	485.00
861.29	473.00
861.60	475.00
861.92	476.00
862.23	474.00
862.54	479.00
862.86	463.00
863.17	470.00
863.48	475.00
863.79	468.00
864.10	472.00
864.42	473.00
864.73	468.00
865.04	486.00
865.35	468.00
865.67	480.00
865.98	471.00
866.29	479.00
866.60	469.00
866.91	470.00
867.23	470.00
867.54	465.00
867.85	469.00
868.16	465.00
868.47	470.00
868.78	465.00
869.09	464.00
869.41	477.00
869.72	461.00
870.03	467.00
870.34	465.00
870.65	480.00
870.96	469.00
871.27	460.00
871.58	463.00
871.90	465.00
872.21	461.00
872.52	465.00
872.83	466.00
873.14	461.00
873.45	461.00
873.76	481.00
874.07	457.00
874.38	458.00
874.69	461.00
875.00	453.00
875.31	457.00
875.62	454.00
875.93	451.00
876.24	462.00
876.55	456.00
876.86	454.00
877.17	446.00
877.48	450.00
877.79	454.00
878.10	452.00
878.41	465.00
878.72	455.00
879.03	455.00
879.34	443.00
879.65	443.00
879.96	452.00
880.27	456.00
880.58	453.00
880.89	449.00
881.20	447.00
881.51	445.00
881.82	433.00
882.13	463.00
882.44	447.00
882.75	438.00
883.06	453.00
883.37	441.00
883.67	446.00
883.98	443.00
884.29	436.00
884.60	442.00
884.91	435.00
885.22	456.00
885.53	442.00
885.84	447.00
886.14	435.00
886.45	433.00
886.76	443.00
887.07	438.00
887.38	431.00
887.69	453.00
887.99	437.00
888.30	429.00
888.61	436.00
888.92	437.00
889.23	436.00
889.53	419.00
889.84	439.00
890.15	434.00
890.46	451.00
890.77	429.00
891.07	425.00
891.38	429.00
891.69	426.00
892.00	426.00
892.30	429.00
892.61	439.00
892.92	428.00
893.23	415.00
893.53	430.00
893.84	426.00
894.15	428.00
894.45	424.00
894.76	422.00
895.07	423.00
895.38	422.00
895.68	425.00
895.99	425.00
896.30	422.00
896.60	421.00
896.91	422.00
897.22	414.00
897.52	428.00
897.83	427.00
898.14	425.00
898.44	417.00
898.75	416.00
899.05	414.00
899.36	411.00
899.67	423.00
899.97	415.00
900.28	443.00
900.58	435.00
900.89	423.00
901.20	416.00
901.50	412.00
901.81	410.00
902.11	416.00
902.42	416.00
902.73	426.00
903.03	417.00
903.34	407.00
903.64	413.00
903.95	409.00
904.25	415.00
904.56	407.00
904.86	416.00
905.17	409.00
905.47	407.00
905.78	406.00
906.08	419.00
906.39	409.00
906.69	414.00
907.00	411.00
907.30	411.00
907.61	419.00
907.91	406.00
908.22	408.00
908.52	413.00
908.83	408.00
909.13	406.00
909.44	401.00
909.74	415.00
910.04	409.00
910.35	422.00
910.65	410.00
910.96	405.00
911.26	398.00
911.56	403.00
911.87	404.00
912.17	405.00
912.48	404.00
912.78	404.00
913.08	404.00
913.39	419.00
913.69	401.00
914.00	405.00
914.30	400.00
914.60	406.00
914.91	396.00
915.21	388.00
915.51	395.00
915.82	402.00
916.12	406.00
916.42	405.00
916.73	394.00
917.03	416.00
917.33	396.00
917.63	394.00
917.94	399.00
918.24	391.00
918.54	393.00
918.85	401.00
919.15	396.00
919.45	394.00
919.75	385.00
920.06	389.00
920.36	384.00
920.66	390.00
920.96	383.00
921.27	385.00
921.57	395.00
921.87	397.00
922.17	393.00
922.47	391.00
922.78	386.00
923.08	385.00
923.38	379.00
923.68	383.00
923.98	385.00
924.29	384.00
924.59	386.00
924.89	389.00
925.19	386.00
925.49	382.00
925.79	379.00
926.10	384.00
926.40	385.00
926.70	379.00
927.00	404.00
927.30	382.00
927.60	380.00
927.90	379.00
928.20	374.00
928.50	383.00
928.81	379.00
929.11	375.00
929.41	373.00
929.71	382.00
930.01	382.00
930.31	373.00
930.61	376.00
930.91	382.00
931.21	383.00
931.51	377.00
931.81	375.00
932.11	375.00
932.41	376.00
932.71	372.00
933.01	373.00
933.31	382.00
933.61	375.00
933.91	375.00
934.21	370.00
934.51	373.00
934.81	377.00
935.11	371.00
935.41	377.00
935.71	378.00
936.01	365.00
936.31	366.00
936.61	368.00
936.91	372.00
937.21	369.00
937.51	372.00
937.81	377.00
938.11	367.00
938.41	365.00
938.70	361.00
939.00	361.00
939.30	373.00
939.60	362.00
939.90	366.00
940.20	367.00
940.50	367.00
940.80	375.00
941.10	367.00
941.39	369.00
941.69	362.00
941.99	409.00
942.29	360.00
942.59	361.00
942.89	364.00
943.18	361.00
943.48	351.00
943.78	360.00
944.08	366.00
944.38	356.00
944.68	366.00
944.97	358.00
945.27	358.00
945.57	356.00
945.87	354.00
946.16	353.00
946.46	351.00
946.76	350.00
947.06	348.00
947.35	353.00
947.65	351.00
947.95	358.00
948.25	350.00
948.54	356.00
948.84	358.00
949.14	355.00
949.44	350.00
949.73	352.00
950.03	360.00
950.33	355.00
950.62	358.00
950.92	355.00
951.22	352.00
951.51	346.00
951.81	354.00
952.11	348.00
952.40	353.00
952.70	352.00
953.00	352.00
953.29	340.00
953.59	340.00
953.89	348.00
954.18	341.00
954.48	341.00
954.77	347.00
955.07	350.00
955.37	341.00
955.66	360.00
955.96	342.00
956.25	342.00
956.55	342.00
956.85	341.00
957.14	349.00
957.44	341.00
957.73	345.00
958.03	342.00
958.32	339.00
958.62	341.00
958.91	340.00
959.21	338.00
959.50	337.00
959.80	344.00
960.09	337.00
960.39	340.00
960.68	343.00
960.98	342.00
961.27	340.00
961.57	335.00
961.86	341.00
962.16	336.00
962.45	333.00
962.75	339.00
963.04	337.00
963.34	337.00
963.63	348.00
963.93	336.00
964.22	338.00
964.51	326.00
964.81	329.00
965.10	372.00
965.40	342.00
965.69	339.00
965.98	323.00
966.28	330.00
966.57	332.00
966.87	340.00
967.16	330.00
967.45	333.00
967.75	338.00
968.04	341.00
968.33	340.00
968.63	340.00
968.92	329.00
969.21	331.00
969.51	330.00
969.80	337.00
970.09	331.00
970.39	344.00
970.68	325.00
970.97	346.00
971.27	334.00
971.56	333.00
971.85	331.00
972.14	330.00
972.44	336.00
972.73	335.00
973.02	328.00
973.32	330.00
973.61	327.00
973.90	332.00
974.19	330.00
974.48	326.00
974.78	326.00
975.07	517.00
975.36	332.00
975.65	325.00
975.95	335.00
976.24	323.00
976.53	333.00
976.82	326.00
977.11	335.00
977.40	329.00
977.70	329.00
977.99	331.00
978.28	322.00
978.57	334.00
978.86	327.00
979.15	330.00
979.45	331.00
979.74	328.00
980.03	329.00
980.32	332.00
980.61	328.00
980.90	326.00
981.19	325.00
981.48	323.00
981.77	325.00
982.07	334.00
982.36	325.00
982.65	327.00
982.94	324.00
983.23	329.00
983.52	338.00
983.81	333.00
984.10	326.00
984.39	330.00
984.68	325.00
984.97	331.00
985.26	331.00
985.55	325.00
985.84	324.00
986.13	323.00
986.42	332.00
986.71	334.00
987.00	327.00
987.29	331.00
987.58	350.00
987.87	326.00
988.16	332.00
988.45	320.00
988.74	329.00
989.03	327.00
989.32	324.00
989.61	330.00
989.90	334.00
990.19	334.00
990.48	329.00
990.76	326.00
991.05	327.00
991.34	330.00
991.63	325.00
991.92	325.00
992.21	324.00
992.50	363.00
992.79	370.00
993.08	335.00
993.36	323.00
993.65	324.00
993.94	323.00
994.23	326.00
994.52	331.00
994.81	337.00
995.09	326.00
995.38	325.00
995.67	331.00
995.96	325.00
996.25	321.00
996.54	317.00
996.82	325.00
997.11	323.00
997.40	321.00
997.69	321.00
997.97	323.00
998.26	320.00
998.55	367.00
998.84	337.00
999.12	322.00
999.41	322.00
999.70	324.00
999.99	324.00
1000.27	329.00
1000.56	325.00
1000.85	320.00
1001.14	326.00
1001.42	330.00
1001.71	322.00
1002.00	326.00
1002.28	320.00
1002.57	323.00
1002.86	323.00
1003.14	319.00
1003.43	328.00
1003.72	324.00
1004.00	331.00
1004.29	322.00
1004.58	330.00
1004.86	317.00
1005.15	317.00
1005.44	321.00
1005.72	319.00
1006.01	322.00
1006.29	322.00
1006.58	342.00
1006.87	313.00
1007.15	326.00
1007.44	314.00
1007.72	320.00
1008.01	322.00
1008.29	316.00
1008.58	324.00
1008.87	324.00
1009.15	321.00
1009.44	315.00
1009.72	322.00
1010.01	313.00
1010.29	317.00
1010.58	326.00
1010.86	324.00
1011.15	313.00
1011.43	308.00
1011.72	321.00
1012.00	319.00
1012.29	320.00
1012.57	321.00
1012.86	319.00
1013.14	321.00
1013.43	316.00
1013.71	309.00
1013.99	311.00
1014.28	313.00
1014.56	329.00
1014.85	319.00
1015.13	319.00
1015.42	316.00
1015.70	309.00
1015.98	314.00
1016.27	307.00
1016.55	315.00
1016.84	321.00
1017.12	314.00
1017.40	318.00
1017.69	314.00
1017.97	313.00
1018.26	316.00
1018.54	311.00
1018.82	315.00
1019.11	316.00
1019.39	312.00
1019.67	315.00
1019.96	313.00
1020.24	310.00
1020.52	309.00
1020.81	306.00
1021.09	312.00
1021.37	315.00
1021.65	317.00
1021.94	308.00
1022.22	319.00
1022.50	311.00
1022.79	309.00
1023.07	310.00
1023.35	315.00
1023.63	326.00
1023.92	315.00
1024.20	311.00
1024.48	350.00
1024.76	305.00
1025.04	309.00
1025.33	310.00
1025.61	316.00
