339.89	0.00
340.27	261.00
340.65	261.00
341.03	258.00
341.41	263.00
341.79	286.00
342.18	273.00
342.56	270.00
342.94	270.00
343.32	273.00
343.70	277.00
344.08	272.00
344.46	268.00
344.84	284.00
345.22	270.00
345.60	271.00
345.98	309.00
346.36	273.00
346.74	277.00
347.12	274.00
347.50	305.00
347.89	271.00
348.27	275.00
348.65	275.00
349.03	273.00
349.41	286.00
349.79	277.00
350.17	280.00
350.55	291.00
350.93	300.00
351.31	298.00
351.69	296.00
352.07	299.00
352.45	297.00
352.83	292.00
353.21	296.00
353.59	297.00
353.97	292.00
354.35	290.00
354.72	293.00
355.10	291.00
355.48	293.00
355.86	298.00
356.24	290.00
356.62	289.00
357.00	331.00
357.38	293.00
357.76	290.00
358.14	297.00
358.52	283.00
358.90	294.00
359.28	284.00
359.66	291.00
360.04	292.00
360.41	294.00
360.79	287.00
361.17	295.00
361.55	292.00
361.93	290.00
362.31	289.00
362.69	299.00
363.07	298.00
363.45	341.00
363.82	290.00
364.20	288.00
364.58	286.00
364.96	293.00
365.34	297.00
365.72	285.00
366.10	292.00
366.47	291.00
366.85	294.00
367.23	292.00
367.61	292.00
367.99	293.00
368.37	291.00
368.74	293.00
369.12	286.00
369.50	292.00
369.88	328.00
370.26	321.00
370.64	292.00
371.01	287.00
371.39	291.00
371.77	285.00
372.15	293.00
372.52	286.00
372.90	292.00
373.28	305.00
373.66	292.00
374.04	291.00
374.41	288.00
374.79	326.00
375.17	295.00
375.55	294.00
375.92	301.00
376.30	288.00
376.68	287.00
377.06	289.00
377.43	304.00
377.81	293.00
378.19	282.00
378.56	284.00
378.94	292.00
379.32	289.00
379.70	293.00
380.07	294.00
380.45	302.00
380.83	291.00
381.20	288.00
381.58	289.00
381.96	315.00
382.33	299.00
382.71	293.00
383.09	300.00
383.46	292.00
383.84	295.00
384.22	289.00
384.59	287.00
384.97	291.00
385.35	292.00
385.72	293.00
386.10	293.00
386.48	297.00
386.85	302.00
387.23	292.00
387.60	294.00
387.98	295.00
388.36	292.00
388.73	290.00
389.11	295.00
389.49	292.00
389.86	297.00
390.24	323.00
390.61	298.00
390.99	307.00
391.36	291.00
391.74	292.00
392.12	292.00
392.49	293.00
392.87	291.00
393.24	293.00
393.62	291.00
393.99	296.00
394.37	290.00
394.75	296.00
395.12	291.00
395.50	294.00
395.87	295.00
396.25	291.00
396.62	307.00
397.00	304.00
397.37	289.00
397.75	301.00
398.12	300.00
398.50	290.00
398.87	292.00
399.25	296.00
399.62	295.00
400.00	297.00
400.37	289.00
400.75	325.00
401.12	294.00
401.50	289.00
401.87	299.00
402.25	360.00
402.62	296.00
403.00	299.00
403.37	291.00
403.75	293.00
404.12	294.00
404.49	288.00
404.87	299.00
405.24	294.00
405.62	289.00
405.99	291.00
406.37	300.00
406.74	294.00
407.11	297.00
407.49	297.00
407.86	359.00
408.24	294.00
408.61	300.00
408.98	294.00
409.36	286.00
409.73	296.00
410.11	294.00
410.48	298.00
410.85	291.00
411.23	296.00
411.60	300.00
411.97	295.00
412.35	299.00
412.72	293.00
413.10	297.00
413.47	293.00
413.84	295.00
414.22	301.00
414.59	289.00
414.96	291.00
415.34	323.00
415.71	299.00
416.08	297.00
416.45	301.00
416.83	300.00
417.20	305.00
417.57	291.00
417.95	292.00
418.32	301.00
418.69	293.00
419.07	294.00
419.44	294.00
419.81	298.00
420.18	293.00
420.56	303.00
420.93	297.00
421.30	298.00
421.67	291.00
422.05	293.00
422.42	303.00
422.79	299.00
423.16	293.00
423.54	293.00
423.91	297.00
424.28	294.00
424.65	294.00
425.03	293.00
425.40	300.00
425.77	291.00
426.14	295.00
426.51	292.00
426.89	294.00
427.26	297.00
427.63	298.00
428.00	309.00
428.37	297.00
428.75	292.00
429.12	298.00
429.49	295.00
429.86	297.00
430.23	292.00
430.60	298.00
430.98	292.00
431.35	294.00
431.72	295.00
432.09	291.00
432.46	297.00
432.83	302.00
433.20	293.00
433.58	301.00
433.95	296.00
434.32	302.00
434.69	294.00
435.06	302.00
435.43	292.00
435.80	299.00
436.17	303.00
436.54	301.00
436.92	302.00
437.29	292.00
437.66	292.00
438.03	293.00
438.40	300.00
438.77	295.00
439.14	301.00
439.51	299.00
439.88	299.00
440.25	293.00
440.62	301.00
440.99	304.00
441.36	298.00
441.73	299.00
442.10	300.00
442.47	303.00
442.84	301.00
443.21	300.00
443.58	301.00
443.96	306.00
444.33	295.00
444.70	290.00
445.07	297.00
445.44	297.00
445.81	328.00
446.17	302.00
446.54	301.00
446.91	298.00
447.28	301.00
447.65	314.00
448.02	296.00
448.39	301.00
448.76	298.00
449.13	299.00
449.50	310.00
449.87	293.00
450.24	296.00
450.61	330.00
450.98	302.00
451.35	296.00
451.72	303.00
452.09	296.00
452.46	302.00
452.83	307.00
453.19	299.00
453.56	300.00
453.93	294.00
454.30	303.00
454.67	299.00
455.04	296.00
455.41	292.00
455.78	297.00
456.15	315.00
456.51	313.00
456.88	302.00
457.25	303.00
457.62	299.00
457.99	294.00
458.36	295.00
458.73	297.00
459.09	315.00
459.46	293.00
459.83	304.00
460.20	298.00
460.57	298.00
460.94	302.00
461.30	299.00
461.67	301.00
462.04	330.00
462.41	296.00
462.78	300.00
463.14	307.00
463.51	304.00
463.88	307.00
464.25	299.00
464.62	297.00
464.98	301.00
465.35	306.00
465.72	299.00
466.09	301.00
466.45	298.00
466.82	307.00
467.19	295.00
467.56	298.00
467.92	308.00
468.29	298.00
468.66	302.00
469.03	307.00
469.39	294.00
469.76	307.00
470.13	315.00
470.50	301.00
470.86	298.00
471.23	301.00
471.60	304.00
471.96	306.00
472.33	309.00
472.70	306.00
473.06	308.00
473.43	312.00
473.80	311.00
474.16	315.00
474.53	313.00
474.90	315.00
475.26	309.00
475.63	323.00
476.00	321.00
476.36	320.00
476.73	318.00
477.10	327.00
477.46	322.00
477.83	326.00
478.20	332.00
478.56	331.00
478.93	343.00
479.29	334.00
479.66	339.00
480.03	348.00
480.39	342.00
480.76	345.00
481.12	359.00
481.49	353.00
481.86	348.00
482.22	362.00
482.59	363.00
482.95	356.00
483.32	371.00
483.68	378.00
484.05	373.00
484.42	400.00
484.78	389.00
485.15	384.00
485.51	402.00
485.88	405.00
486.24	413.00
486.61	417.00
486.97	417.00
487.34	427.00
487.70	423.00
488.07	435.00
488.43	432.00
488.80	449.00
489.16	463.00
489.53	465.00
489.89	465.00
490.26	476.00
490.62	478.00
490.99	487.00
491.35	502.00
491.72	505.00
492.08	513.00
492.45	526.00
492.81	537.00
493.18	547.00
493.54	560.00
493.90	557.00
494.27	584.00
494.63	571.00
495.00	587.00
495.36	593.00
495.73	611.00
496.09	613.00
496.45	632.00
496.82	645.00
497.18	654.00
497.55	658.00
497.91	685.00
498.27	672.00
498.64	680.00
499.00	694.00
499.37	705.00
499.73	721.00
500.09	733.00
500.46	722.00
500.82	728.00
501.18	751.00
501.55	761.00
501.91	785.00
502.28	800.00
502.64	786.00
503.00	809.00
503.37	819.00
503.73	841.00
504.09	845.00
504.46	840.00
504.82	843.00
505.18	862.00
505.54	868.00
505.91	886.00
506.27	883.00
506.63	893.00
507.00	915.00
507.36	918.00
507.72	921.00
508.08	936.00
508.45	957.00
508.81	952.00
509.17	947.00
509.54	974.00
509.90	973.00
510.26	980.00
510.62	987.00
510.99	995.00
511.35	992.00
511.71	995.00
512.07	1015.00
512.43	1002.00
512.80	1031.00
513.16	1027.00
513.52	1022.00
513.88	1033.00
514.25	1047.00
514.61	1058.00
514.97	1040.00
515.33	1049.00
515.69	1045.00
516.05	1050.00
516.42	1071.00
516.78	1061.00
517.14	1053.00
517.50	1059.00
517.86	1072.00
518.23	1070.00
518.59	1079.00
518.95	1062.00
519.31	1072.00
519.67	1072.00
520.03	1063.00
520.39	1067.00
520.75	1046.00
521.12	1065.00
521.48	1067.00
521.84	1045.00
522.20	1061.00
522.56	1057.00
522.92	1051.00
523.28	1053.00
523.64	1040.00
524.00	1042.00
524.37	1050.00
524.73	1038.00
525.09	1030.00
525.45	1024.00
525.81	1030.00
526.17	1016.00
526.53	1007.00
526.89	1018.00
527.25	1020.00
527.61	1003.00
527.97	988.00
528.33	985.00
528.69	971.00
529.05	965.00
529.41	972.00
529.77	967.00
530.13	977.00
530.49	948.00
530.85	939.00
531.21	918.00
531.57	940.00
531.93	924.00
532.29	904.00
532.65	887.00
533.01	913.00
533.37	889.00
533.73	872.00
534.09	878.00
534.45	863.00
534.81	877.00
535.17	849.00
535.53	863.00
535.89	849.00
536.25	839.00
536.61	838.00
536.97	826.00
537.33	833.00
537.69	813.00
538.04	827.00
538.40	820.00
538.76	792.00
539.12	788.00
539.48	800.00
539.84	786.00
540.20	793.00
540.56	787.00
540.92	771.00
541.28	775.00
541.63	779.00
541.99	781.00
542.35	765.00
542.71	772.00
543.07	778.00
543.43	748.00
543.79	766.00
544.14	763.00
544.50	758.00
544.86	746.00
545.22	761.00
545.58	765.00
545.94	753.00
546.29	759.00
546.65	762.00
547.01	781.00
547.37	771.00
547.73	785.00
548.08	761.00
548.44	784.00
548.80	783.00
549.16	777.00
549.52	791.00
549.87	782.00
550.23	798.00
550.59	797.00
550.95	814.00
551.30	819.00
551.66	827.00
552.02	826.00
552.38	840.00
552.73	834.00
553.09	859.00
553.45	849.00
553.81	877.00
554.16	888.00
554.52	887.00
554.88	887.00
555.23	901.00
555.59	930.00
555.95	919.00
556.31	949.00
556.66	947.00
557.02	955.00
557.38	977.00
557.73	968.00
558.09	1007.00
558.45	1006.00
558.80	1018.00
559.16	1038.00
559.52	1043.00
559.87	1061.00
560.23	1084.00
560.59	1081.00
560.94	1103.00
561.30	1136.00
561.65	1136.00
562.01	1148.00
562.37	1164.00
562.72	1188.00
563.08	1203.00
563.43	1188.00
563.79	1217.00
564.15	1236.00
564.50	1247.00
564.86	1281.00
565.21	1293.00
565.57	1316.00
565.93	1319.00
566.28	1363.00
566.64	1343.00
566.99	1361.00
567.35	1367.00
567.70	1369.00
568.06	1367.00
568.41	1411.00
568.77	1431.00
569.13	1424.00
569.48	1457.00
569.84	1438.00
570.19	1477.00
570.55	1497.00
570.90	1532.00
571.26	1515.00
571.61	1515.00
571.97	1543.00
572.32	1559.00
572.68	1550.00
573.03	1569.00
573.39	1602.00
573.74	1592.00
574.10	1616.00
574.45	1598.00
574.81	1613.00
575.16	1631.00
575.51	1640.00
575.87	1640.00
576.22	1693.00
576.58	1645.00
576.93	1673.00
577.29	1682.00
577.64	1683.00
577.99	1687.00
578.35	1687.00
578.70	1722.00
579.06	1709.00
579.41	1712.00
579.77	1696.00
580.12	1714.00
580.47	1717.00
580.83	1735.00
581.18	1728.00
581.53	1733.00
581.89	1740.00
582.24	1753.00
582.60	1749.00
582.95	1753.00
583.30	1747.00
583.66	1772.00
584.01	1759.00
584.36	1738.00
584.72	1739.00
585.07	1753.00
585.42	1770.00
585.78	1749.00
586.13	1753.00
586.48	1723.00
586.84	1741.00
587.19	1749.00
587.54	1742.00
587.90	1739.00
588.25	1726.00
588.60	1739.00
588.95	1705.00
589.31	1733.00
589.66	1695.00
590.01	1707.00
590.36	1706.00
590.72	1709.00
591.07	1721.00
591.42	1685.00
591.78	1711.00
592.13	1683.00
592.48	1661.00
592.83	1662.00
593.18	1634.00
593.54	1619.00
593.89	1642.00
594.24	1611.00
594.59	1633.00
594.95	1621.00
595.30	1582.00
595.65	1585.00
596.00	1601.00
596.35	1561.00
596.71	1569.00
597.06	1561.00
597.41	1552.00
597.76	1545.00
598.11	1538.00
598.46	1498.00
598.82	1515.00
599.17	1485.00
599.52	1479.00
599.87	1459.00
600.22	1433.00
600.57	1465.00
600.92	1442.00
601.27	1442.00
601.63	1407.00
601.98	1400.00
602.33	1409.00
602.68	1379.00
603.03	1384.00
603.38	1363.00
603.73	1364.00
604.08	1358.00
604.43	1336.00
604.79	1335.00
605.14	1319.00
605.49	1306.00
605.84	1289.00
606.19	1276.00
606.54	1266.00
606.89	1263.00
607.24	1251.00
607.59	1247.00
607.94	1248.00
608.29	1227.00
608.64	1213.00
608.99	1206.00
609.34	1193.00
609.69	1181.00
610.04	1157.00
610.39	1157.00
610.74	1137.00
611.09	1147.00
611.44	1133.00
611.79	1129.00
612.14	1141.00
612.49	1097.00
612.84	1116.00
613.19	1088.00
613.54	1092.00
613.89	1091.00
614.24	1071.00
614.59	1056.00
614.94	1054.00
615.29	1052.00
615.64	1053.00
615.99	1021.00
616.34	1018.00
616.69	1019.00
617.03	1017.00
617.38	1003.00
617.73	1003.00
618.08	1005.00
618.43	1029.00
618.78	992.00
619.13	974.00
619.48	956.00
619.83	965.00
620.18	958.00
620.52	953.00
620.87	926.00
621.22	931.00
621.57	927.00
621.92	916.00
622.27	913.00
622.62	899.00
622.96	914.00
623.31	903.00
623.66	889.00
624.01	891.00
624.36	891.00
624.71	878.00
625.05	875.00
625.40	856.00
625.75	843.00
626.10	852.00
626.45	849.00
626.79	837.00
627.14	843.00
627.49	837.00
627.84	834.00
628.18	826.00
628.53	813.00
628.88	810.00
629.23	801.00
629.58	801.00
629.92	800.00
630.27	792.00
630.62	795.00
630.97	803.00
631.31	788.00
631.66	806.00
632.01	761.00
632.35	761.00
632.70	770.00
633.05	752.00
633.40	761.00
633.74	757.00
634.09	756.00
634.44	744.00
634.78	754.00
635.13	742.00
635.48	726.00
635.82	711.00
636.17	724.00
636.52	729.00
636.86	707.00
637.21	706.00
637.56	712.00
637.90	707.00
638.25	686.00
638.60	691.00
638.94	687.00
639.29	693.00
639.63	680.00
639.98	678.00
640.33	664.00
640.67	669.00
641.02	669.00
641.36	666.00
641.71	654.00
642.06	658.00
642.40	647.00
642.75	649.00
643.09	645.00
643.44	629.00
643.79	630.00
644.13	628.00
644.48	632.00
644.82	619.00
645.17	611.00
645.51	617.00
645.86	620.00
646.20	614.00
646.55	616.00
646.89	606.00
647.24	614.00
647.58	602.00
647.93	596.00
648.27	586.00
648.62	591.00
648.96	586.00
649.31	589.00
649.65	577.00
650.00	590.00
650.34	570.00
650.69	580.00
651.03	562.00
651.38	573.00
651.72	568.00
652.07	560.00
652.41	556.00
652.76	554.00
653.10	548.00
653.44	564.00
653.79	553.00
654.13	548.00
654.48	548.00
654.82	544.00
655.17	539.00
655.51	546.00
655.85	546.00
656.20	535.00
656.54	533.00
656.89	535.00
657.23	530.00
657.57	519.00
657.92	524.00
658.26	513.00
658.60	510.00
658.95	514.00
659.29	520.00
659.63	511.00
659.98	513.00
660.32	519.00
660.66	501.00
661.01	503.00
661.35	506.00
661.69	485.00
662.04	487.00
662.38	492.00
662.72	491.00
663.07	488.00
663.41	492.00
663.75	490.00
664.10	481.00
664.44	486.00
664.78	495.00
665.12	485.00
665.47	485.00
665.81	503.00
666.15	489.00
666.49	475.00
666.84	463.00
667.18	472.00
667.52	459.00
667.86	468.00
668.21	471.00
668.55	469.00
668.89	472.00
669.23	466.00
669.58	475.00
669.92	454.00
670.26	476.00
670.60	460.00
670.94	463.00
671.29	455.00
671.63	452.00
671.97	446.00
672.31	457.00
672.65	447.00
672.99	451.00
673.34	450.00
673.68	450.00
674.02	452.00
674.36	445.00
674.70	449.00
675.04	444.00
675.38	444.00
675.73	447.00
676.07	432.00
676.41	441.00
676.75	438.00
677.09	446.00
677.43	446.00
677.77	436.00
678.11	440.00
678.45	428.00
678.79	441.00
679.14	431.00
679.48	424.00
679.82	425.00
680.16	428.00
680.50	424.00
680.84	420.00
681.18	429.00
681.52	423.00
681.86	431.00
682.20	434.00
682.54	424.00
682.88	420.00
683.22	426.00
683.56	427.00
683.90	423.00
684.24	424.00
684.58	426.00
684.92	429.00
685.26	409.00
685.60	412.00
685.94	413.00
686.28	429.00
686.62	411.00
686.96	408.00
687.30	416.00
687.64	413.00
687.98	418.00
688.32	404.00
688.66	422.00
689.00	404.00
689.34	419.00
689.68	404.00
690.02	403.00
690.36	403.00
690.69	410.00
691.03	407.00
691.37	398.00
691.71	403.00
692.05	400.00
692.39	400.00
692.73	393.00
693.07	404.00
693.41	398.00
693.75	399.00
694.08	403.00
694.42	403.00
694.76	410.00
695.10	394.00
695.44	390.00
695.78	398.00
696.12	399.00
696.45	401.00
696.79	401.00
697.13	395.00
697.47	395.00
697.81	401.00
698.14	400.00
698.48	388.00
698.82	397.00
699.16	397.00
699.50	389.00
699.83	385.00
700.17	401.00
700.51	390.00
700.85	392.00
701.19	393.00
701.52	388.00
701.86	390.00
702.20	395.00
702.54	392.00
702.87	386.00
703.21	388.00
703.55	390.00
703.89	389.00
704.22	392.00
704.56	395.00
704.90	394.00
705.23	383.00
705.57	394.00
705.91	406.00
706.25	386.00
706.58	389.00
706.92	392.00
707.26	391.00
707.59	379.00
707.93	434.00
708.27	386.00
708.60	389.00
708.94	386.00
709.28	387.00
709.61	392.00
709.95	394.00
710.28	385.00
710.62	387.00
710.96	396.00
711.29	396.00
711.63	390.00
711.97	387.00
712.30	402.00
712.64	392.00
712.97	399.00
713.31	378.00
713.65	385.00
713.98	388.00
714.32	386.00
714.65	389.00
714.99	384.00
715.32	395.00
715.66	387.00
716.00	396.00
716.33	390.00
716.67	430.00
717.00	380.00
717.34	382.00
717.67	387.00
718.01	389.00
718.34	388.00
718.68	390.00
719.01	381.00
719.35	393.00
719.68	399.00
720.02	383.00
720.35	395.00
720.69	390.00
721.02	394.00
721.36	398.00
721.69	388.00
722.03	382.00
722.36	387.00
722.70	403.00
723.03	388.00
723.37	391.00
723.70	393.00
724.03	392.00
724.37	391.00
724.70	393.00
725.04	393.00
725.37	394.00
725.71	405.00
726.04	399.00
726.37	395.00
726.71	385.00
727.04	400.00
727.38	393.00
727.71	398.00
728.04	397.00
728.38	396.00
728.71	395.00
729.04	396.00
729.38	396.00
729.71	397.00
730.05	399.00
730.38	398.00
730.71	398.00
731.05	399.00
731.38	404.00
731.71	395.00
732.05	401.00
732.38	395.00
732.71	396.00
733.04	399.00
733.38	400.00
733.71	398.00
734.04	404.00
734.38	401.00
734.71	403.00
735.04	410.00
735.37	405.00
735.71	413.00
736.04	411.00
736.37	410.00
736.71	411.00
737.04	400.00
737.37	405.00
737.70	409.00
738.03	412.00
738.37	406.00
738.70	412.00
739.03	406.00
739.36	406.00
739.70	410.00
740.03	408.00
740.36	413.00
740.69	410.00
741.02	407.00
741.36	421.00
741.69	407.00
742.02	414.00
742.35	400.00
742.68	412.00
743.01	407.00
743.35	412.00
743.68	416.00
744.01	413.00
744.34	418.00
744.67	409.00
745.00	412.00
745.33	423.00
745.66	419.00
746.00	414.00
746.33	419.00
746.66	412.00
746.99	427.00
747.32	418.00
747.65	413.00
747.98	421.00
748.31	421.00
748.64	419.00
748.97	417.00
749.30	421.00
749.64	854.00
749.97	415.00
750.30	421.00
750.63	415.00
750.96	417.00
751.29	421.00
751.62	423.00
751.95	419.00
752.28	419.00
752.61	414.00
752.94	425.00
753.27	429.00
753.60	430.00
753.93	435.00
754.26	421.00
754.59	420.00
754.92	427.00
755.25	430.00
755.58	428.00
755.91	424.00
756.24	418.00
756.57	416.00
756.90	420.00
757.23	425.00
757.55	424.00
757.88	417.00
758.21	418.00
758.54	424.00
758.87	426.00
759.20	427.00
759.53	429.00
759.86	419.00
760.19	421.00
760.52	426.00
760.85	428.00
761.18	432.00
761.50	421.00
761.83	421.00
762.16	425.00
762.49	421.00
762.82	434.00
763.15	418.00
763.48	422.00
763.80	419.00
764.13	429.00
764.46	432.00
764.79	425.00
765.12	422.00
765.45	419.00
765.77	424.00
766.10	423.00
766.43	427.00
766.76	428.00
767.09	780.00
767.41	429.00
767.74	432.00
768.07	422.00
768.40	425.00
768.73	431.00
769.05	421.00
769.38	428.00
769.71	421.00
770.04	413.00
770.36	421.00
770.69	411.00
771.02	424.00
771.34	415.00
771.67	419.00
772.00	423.00
772.33	421.00
772.65	424.00
772.98	421.00
773.31	421.00
773.63	418.00
773.96	425.00
774.29	426.00
774.62	430.00
774.94	412.00
775.27	433.00
775.60	428.00
775.92	410.00
776.25	408.00
776.58	415.00
776.90	453.00
777.23	429.00
777.55	418.00
777.88	415.00
778.21	412.00
778.53	433.00
778.86	409.00
779.19	415.00
779.51	425.00
779.84	420.00
780.16	413.00
780.49	412.00
780.81	415.00
781.14	417.00
781.47	411.00
781.79	405.00
782.12	427.00
782.44	408.00
782.77	409.00
783.09	411.00
783.42	403.00
783.75	407.00
784.07	413.00
784.40	405.00
784.72	405.00
785.05	414.00
785.37	402.00
785.70	412.00
786.02	409.00
786.35	412.00
786.67	410.00
787.00	401.00
787.32	443.00
787.65	412.00
787.97	397.00
788.30	409.00
788.62	401.00
788.94	406.00
789.27	400.00
789.59	399.00
789.92	401.00
790.24	398.00
790.57	401.00
790.89	399.00
791.22	397.00
791.54	404.00
791.86	402.00
792.19	401.00
792.51	407.00
792.84	398.00
793.16	399.00
793.48	406.00
793.81	402.00
794.13	395.00
794.45	398.00
794.78	400.00
795.10	387.00
795.43	399.00
795.75	392.00
796.07	394.00
796.40	413.00
796.72	417.00
797.04	387.00
797.37	400.00
797.69	384.00
798.01	400.00
798.34	404.00
798.66	393.00
798.98	392.00
799.30	387.00
799.63	409.00
799.95	410.00
800.27	397.00
800.60	391.00
800.92	397.00
801.24	379.00
801.56	388.00
801.89	384.00
802.21	389.00
802.53	396.00
802.85	393.00
803.18	380.00
803.50	383.00
803.82	386.00
804.14	389.00
804.46	381.00
804.79	381.00
805.11	383.00
805.43	378.00
805.75	376.00
806.07	376.00
806.40	379.00
806.72	382.00
807.04	398.00
807.36	377.00
807.68	374.00
808.00	382.00
808.33	378.00
808.65	388.00
808.97	376.00
809.29	383.00
809.61	375.00
809.93	387.00
810.25	380.00
810.58	380.00
810.90	381.00
811.22	375.00
811.54	379.00
811.86	376.00
812.18	382.00
812.50	370.00
812.82	374.00
813.14	373.00
813.46	388.00
813.78	382.00
814.10	375.00
814.43	386.00
814.75	379.00
815.07	371.00
815.39	380.00
815.71	383.00
816.03	383.00
816.35	371.00
816.67	365.00
816.99	370.00
817.31	383.00
817.63	373.00
817.95	370.00
818.27	373.00
818.59	374.00
818.91	379.00
819.23	379.00
819.55	367.00
819.87	362.00
820.19	367.00
820.51	369.00
820.83	362.00
821.14	363.00
821.46	366.00
821.78	367.00
822.10	364.00
822.42	369.00
822.74	364.00
823.06	369.00
823.38	372.00
823.70	358.00
824.02	363.00
824.34	365.00
824.66	375.00
824.97	377.00
825.29	367.00
825.61	363.00
825.93	365.00
826.25	372.00
826.57	371.00
826.89	361.00
827.20	355.00
827.52	368.00
827.84	369.00
828.16	373.00
828.48	362.00
828.80	363.00
829.11	369.00
829.43	377.00
829.75	390.00
830.07	372.00
830.39	359.00
830.70	364.00
831.02	362.00
831.34	362.00
831.66	357.00
831.98	368.00
832.29	371.00
832.61	365.00
832.93	366.00
833.25	377.00
833.56	371.00
833.88	369.00
834.20	367.00
834.52	360.00
834.83	366.00
835.15	363.00
835.47	367.00
835.78	366.00
836.10	364.00
836.42	358.00
836.73	362.00
837.05	363.00
837.37	363.00
837.68	364.00
838.00	388.00
838.32	361.00
838.63	367.00
838.95	364.00
839.27	364.00
839.58	373.00
839.90	363.00
840.22	356.00
840.53	367.00
840.85	362.00
841.17	370.00
841.48	368.00
841.80	361.00
842.11	359.00
842.43	359.00
842.75	361.00
843.06	356.00
843.38	364.00
843.69	365.00
844.01	363.00
844.32	358.00
844.64	364.00
844.96	363.00
845.27	363.00
845.59	368.00
845.90	373.00
846.22	367.00
846.53	358.00
846.85	360.00
847.16	371.00
847.48	370.00
847.79	368.00
848.11	361.00
848.42	360.00
848.74	362.00
849.05	363.00
849.37	359.00
849.68	355.00
850.00	363.00
850.31	357.00
850.63	371.00
850.94	358.00
851.26	356.00
851.57	360.00
851.88	358.00
852.20	362.00
852.51	362.00
852.83	361.00
853.14	354.00
853.46	363.00
853.77	359.00
854.08	367.00
854.40	354.00
854.71	362.00
855.03	370.00
855.34	357.00
855.65	368.00
855.97	367.00
856.28	366.00
856.59	369.00
856.91	365.00
857.22	356.00
857.53	358.00
857.85	360.00
858.16	357.00
858.47	367.00
858.79	364.00
859.10	363.00
859.41	365.00
859.73	356.00
860.04	361.00
860.35	351.00
860.67	357.00
860.98	351.00
861.29	352.00
861.60	362.00
861.92	355.00
862.23	356.00
862.54	353.00
862.86	356.00
863.17	351.00
863.48	351.00
863.79	356.00
864.10	355.00
864.42	361.00
864.73	359.00
865.04	365.00
865.35	351.00
865.67	368.00
865.98	361.00
866.29	356.00
866.60	344.00
866.91	352.00
867.23	349.00
867.54	363.00
867.85	357.00
868.16	348.00
868.47	353.00
868.78	351.00
869.09	350.00
869.41	357.00
869.72	347.00
870.03	351.00
870.34	346.00
870.65	359.00
870.96	349.00
871.27	359.00
871.58	355.00
871.90	351.00
872.21	346.00
872.52	351.00
872.83	359.00
873.14	347.00
873.45	350.00
873.76	369.00
874.07	348.00
874.38	343.00
874.69	350.00
875.00	348.00
875.31	343.00
875.62	348.00
875.93	343.00
876.24	350.00
876.55	347.00
876.86	350.00
877.17	351.00
877.48	347.00
877.79	343.00
878.10	346.00
878.41	352.00
878.72	350.00
879.03	352.00
879.34	345.00
879.65	348.00
879.96	345.00
880.27	347.00
880.58	350.00
880.89	349.00
881.20	345.00
881.51	339.00
881.82	343.00
882.13	364.00
882.44	341.00
882.75	342.00
883.06	358.00
883.37	344.00
883.67	337.00
883.98	341.00
884.29	339.00
884.60	344.00
884.91	339.00
885.22	365.00
885.53	343.00
885.84	347.00
886.14	346.00
886.45	345.00
886.76	341.00
887.07	339.00
887.38	339.00
887.69	351.00
887.99	341.00
888.30	332.00
888.61	339.00
888.92	341.00
889.23	336.00
889.53	332.00
889.84	342.00
890.15	342.00
890.46	360.00
890.77	344.00
891.07	333.00
891.38	335.00
891.69	329.00
892.00	332.00
892.30	334.00
892.61	341.00
892.92	341.00
893.23	337.00
893.53	332.00
893.84	338.00
894.15	331.00
894.45	336.00
894.76	328.00
895.07	337.00
895.38	341.00
895.68	343.00
895.99	340.00
896.30	332.00
896.60	331.00
896.91	328.00
897.22	339.00
897.52	349.00
897.83	335.00
898.14	339.00
898.44	333.00
898.75	333.00
899.05	336.00
899.36	331.00
899.67	336.00
899.97	334.00
900.28	350.00
900.58	350.00
900.89	335.00
901.20	330.00
901.50	335.00
901.81	328.00
902.11	337.00
902.42	339.00
902.73	339.00
903.03	333.00
903.34	328.00
903.64	329.00
903.95	328.00
904.25	333.00
904.56	330.00
904.86	324.00
905.17	325.00
905.47	329.00
905.78	335.00
906.08	332.00
906.39	334.00
906.69	324.00
907.00	346.00
907.30	336.00
907.61	329.00
907.91	331.00
908.22	331.00
908.52	336.00
908.83	327.00
909.13	326.00
909.44	333.00
909.74	334.00
910.04	328.00
910.35	344.00
910.65	330.00
910.96	322.00
911.26	330.00
911.56	330.00
911.87	334.00
912.17	331.00
912.48	320.00
912.78	330.00
913.08	318.00
913.39	342.00
913.69	329.00
914.00	333.00
914.30	328.00
914.60	331.00
914.91	329.00
915.21	318.00
915.51	318.00
915.82	330.00
916.12	327.00
916.42	327.00
916.73	325.00
917.03	351.00
917.33	327.00
917.63	323.00
917.94	333.00
918.24	321.00
918.54	323.00
918.85	324.00
919.15	319.00
919.45	323.00
919.75	328.00
920.06	328.00
920.36	327.00
920.66	322.00
920.96	324.00
921.27	323.00
921.57	329.00
921.87	335.00
922.17	323.00
922.47	324.00
922.78	327.00
923.08	322.00
923.38	329.00
923.68	317.00
923.98	324.00
924.29	321.00
924.59	317.00
924.89	320.00
925.19	324.00
925.49	321.00
925.79	321.00
926.10	318.00
926.40	324.00
926.70	318.00
927.00	348.00
927.30	315.00
927.60	317.00
927.90	325.00
928.20	313.00
928.50	317.00
928.81	318.00
929.11	315.00
929.41	315.00
929.71	319.00
930.01	321.00
930.31	319.00
930.61	324.00
930.91	315.00
931.21	315.00
931.51	312.00
931.81	318.00
932.11	313.00
932.41	318.00
932.71	312.00
933.01	318.00
933.31	316.00
933.61	316.00
933.91	317.00
934.21	314.00
934.51	322.00
934.81	312.00
935.11	317.00
935.41	319.00
935.71	322.00
936.01	317.00
936.31	307.00
936.61	308.00
936.91	315.00
937.21	316.00
937.51	316.00
937.81	322.00
938.11	309.00
938.41	310.00
938.70	315.00
939.00	316.00
939.30	322.00
939.60	310.00
939.90	318.00
940.20	323.00
940.50	311.00
940.80	314.00
941.10	315.00
941.39	320.00
941.69	310.00
941.99	354.00
942.29	313.00
942.59	308.00
942.89	317.00
943.18	316.00
943.48	304.00
943.78	311.00
944.08	315.00
944.38	311.00
944.68	313.00
944.97	311.00
945.27	314.00
945.57	313.00
945.87	308.00
946.16	307.00
946.46	303.00
946.76	308.00
947.06	315.00
947.35	312.00
947.65	309.00
947.95	309.00
948.25	313.00
948.54	308.00
948.84	304.00
949.14	311.00
949.44	314.00
949.73	306.00
950.03	314.00
950.33	307.00
950.62	315.00
950.92	311.00
951.22	313.00
951.51	302.00
951.81	309.00
952.11	306.00
952.40	304.00
952.70	309.00
953.00	303.00
953.29	311.00
953.59	302.00
953.89	304.00
954.18	302.00
954.48	304.00
954.77	301.00
955.07	311.00
955.37	303.00
955.66	318.00
955.96	308.00
956.25	302.00
956.55	304.00
956.85	308.00
957.14	303.00
957.44	303.00
957.73	299.00
958.03	312.00
958.32	307.00
958.62	302.00
958.91	308.00
959.21	300.00
959.50	309.00
959.80	314.00
960.09	304.00
960.39	303.00
960.68	305.00
960.98	308.00
961.27	303.00
961.57	301.00
961.86	307.00
962.16	305.00
962.45	302.00
962.75	310.00
963.04	302.00
963.34	300.00
963.63	314.00
963.93	299.00
964.22	303.00
964.51	300.00
964.81	298.00
965.10	338.00
965.40	315.00
965.69	304.00
965.98	298.00
966.28	299.00
966.57	301.00
966.87	300.00
967.16	304.00
967.45	300.00
967.75	297.00
968.04	303.00
968.33	306.00
968.63	306.00
968.92	296.00
969.21	302.00
969.51	304.00
969.80	305.00
970.09	303.00
970.39	301.00
970.68	297.00
970.97	318.00
971.27	296.00
971.56	301.00
971.85	307.00
972.14	296.00
972.44	300.00
972.73	296.00
973.02	301.00
973.32	304.00
973.61	299.00
973.90	298.00
974.19	299.00
974.48	306.00
974.78	303.00
975.07	454.00
975.36	308.00
975.65	303.00
975.95	302.00
976.24	298.00
976.53	301.00
976.82	304.00
977.11	302.00
977.40	298.00
977.70	303.00
977.99	301.00
978.28	296.00
978.57	301.00
978.86	310.00
979.15	305.00
979.45	300.00
979.74	302.00
980.03	299.00
980.32	297.00
980.61	300.00
980.90	301.00
981.19	293.00
981.48	300.00
981.77	295.00
982.07	306.00
982.36	304.00
982.65	302.00
982.94	299.00
983.23	305.00
983.52	305.00
983.81	293.00
984.10	299.00
984.39	307.00
984.68	302.00
984.97	307.00
985.26	299.00
985.55	305.00
985.84	303.00
986.13	298.00
986.42	301.00
986.71	313.00
987.00	300.00
987.29	308.00
987.58	322.00
987.87	305.00
988.16	299.00
988.45	305.00
988.74	303.00
989.03	304.00
989.32	296.00
989.61	302.00
989.90	305.00
990.19	310.00
990.48	303.00
990.76	300.00
991.05	313.00
991.34	308.00
991.63	302.00
991.92	305.00
992.21	306.00
992.50	339.00
992.79	352.00
993.08	305.00
993.36	305.00
993.65	302.00
993.94	303.00
994.23	308.00
994.52	311.00
994.81	313.00
995.09	306.00
995.38	301.00
995.67	308.00
995.96	298.00
996.25	301.00
996.54	301.00
996.82	307.00
997.11	302.00
997.40	304.00
997.69	303.00
997.97	309.00
998.26	308.00
998.55	345.00
998.84	321.00
999.12	302.00
999.41	301.00
999.70	305.00
999.99	304.00
1000.27	318.00
1000.56	307.00
1000.85	300.00
1001.14	308.00
1001.42	310.00
1001.71	302.00
1002.00	297.00
1002.28	298.00
1002.57	302.00
1002.86	298.00
1003.14	308.00
1003.43	303.00
1003.72	303.00
1004.00	307.00
1004.29	304.00
1004.58	309.00
1004.86	309.00
1005.15	304.00
1005.44	307.00
1005.72	303.00
1006.01	304.00
1006.29	299.00
1006.58	332.00
1006.87	301.00
1007.15	306.00
1007.44	301.00
1007.72	305.00
1008.01	303.00
1008.29	304.00
1008.58	303.00
1008.87	307.00
1009.15	307.00
1009.44	300.00
1009.72	300.00
1010.01	303.00
1010.29	300.00
1010.58	303.00
1010.86	306.00
1011.15	300.00
1011.43	306.00
1011.72	306.00
1012.00	307.00
1012.29	308.00
1012.57	304.00
1012.86	300.00
1013.14	294.00
1013.43	301.00
1013.71	299.00
1013.99	305.00
1014.28	307.00
1014.56	310.00
1014.85	304.00
1015.13	302.00
1015.42	306.00
1015.70	296.00
1015.98	299.00
1016.27	302.00
1016.55	296.00
1016.84	303.00
1017.12	296.00
1017.40	308.00
1017.69	304.00
1017.97	302.00
1018.26	304.00
1018.54	297.00
1018.82	298.00
1019.11	309.00
1019.39	303.00
1019.67	303.00
1019.96	302.00
1020.24	300.00
1020.52	301.00
1020.81	295.00
1021.09	309.00
1021.37	292.00
1021.65	308.00
1021.94	299.00
1022.22	307.00
1022.50	306.00
1022.79	299.00
1023.07	298.00
1023.35	305.00
1023.63	305.00
1023.92	303.00
1024.20	299.00
1024.48	334.00
1024.76	303.00
1025.04	299.00
1025.33	296.00
1025.61	300.00
