340.06	0.00
340.44	214.00
340.81	215.00
341.19	213.00
341.57	219.00
341.95	220.00
342.32	222.00
342.70	222.00
343.08	225.00
343.46	219.00
343.84	223.00
344.21	225.00
344.59	225.00
344.97	222.00
345.35	227.00
345.72	220.00
346.10	225.00
346.48	228.00
346.86	225.00
347.23	223.00
347.61	222.00
347.99	225.00
348.37	222.00
348.74	220.00
349.12	225.00
349.50	232.00
349.88	231.00
350.25	232.00
350.63	226.00
351.01	228.00
351.38	231.00
351.76	223.00
352.14	234.00
352.52	227.00
352.89	225.00
353.27	232.00
353.65	230.00
354.02	232.00
354.40	232.00
354.78	232.00
355.15	226.00
355.53	230.00
355.91	225.00
356.28	231.00
356.66	232.00
357.04	236.00
357.41	230.00
357.79	228.00
358.17	229.00
358.54	234.00
358.92	234.00
359.30	232.00
359.67	236.00
360.05	234.00
360.42	231.00
360.80	234.00
361.18	232.00
361.55	228.00
361.93	234.00
362.31	231.00
362.68	232.00
363.06	237.00
363.43	231.00
363.81	231.00
364.19	232.00
364.56	230.00
364.94	234.00
365.31	231.00
365.69	237.00
366.06	236.00
366.44	234.00
366.82	234.00
367.19	230.00
367.57	238.00
367.94	235.00
368.32	238.00
368.69	234.00
369.07	241.00
369.45	239.00
369.82	237.00
370.20	238.00
370.57	234.00
370.95	239.00
371.32	237.00
371.70	237.00
372.07	241.00
372.45	239.00
372.82	237.00
373.20	243.00
373.57	241.00
373.95	235.00
374.32	239.00
374.70	244.00
375.07	242.00
375.45	247.00
375.82	244.00
376.20	243.00
376.57	243.00
376.95	246.00
377.32	238.00
377.70	246.00
378.07	241.00
378.45	248.00
378.82	243.00
379.19	242.00
379.57	243.00
379.94	249.00
380.32	247.00
380.69	244.00
381.07	249.00
381.44	250.00
381.82	247.00
382.19	249.00
382.56	254.00
382.94	250.00
383.31	243.00
383.69	250.00
384.06	244.00
384.43	250.00
384.81	253.00
385.18	251.00
385.56	245.00
385.93	255.00
386.30	256.00
386.68	254.00
387.05	260.00
387.43	253.00
387.80	254.00
388.17	252.00
388.55	257.00
388.92	255.00
389.29	256.00
389.67	264.00
390.04	259.00
390.41	262.00
390.79	259.00
391.16	260.00
391.54	265.00
391.91	261.00
392.28	262.00
392.66	272.00
393.03	260.00
393.40	266.00
393.77	266.00
394.15	270.00
394.52	268.00
394.89	268.00
395.27	262.00
395.64	267.00
396.01	264.00
396.39	271.00
396.76	264.00
397.13	277.00
397.50	273.00
397.88	271.00
398.25	274.00
398.62	273.00
399.00	272.00
399.37	276.00
399.74	273.00
400.11	280.00
400.49	282.00
400.86	280.00
401.23	275.00
401.60	275.00
401.98	270.00
402.35	280.00
402.72	275.00
403.09	280.00
403.46	288.00
403.84	277.00
404.21	286.00
404.58	287.00
404.95	293.00
405.33	288.00
405.70	287.00
406.07	291.00
406.44	284.00
406.81	294.00
407.19	294.00
407.56	291.00
407.93	297.00
408.30	293.00
408.67	307.00
409.04	302.00
409.42	303.00
409.79	305.00
410.16	304.00
410.53	299.00
410.90	305.00
411.27	313.00
411.64	306.00
412.02	320.00
412.39	317.00
412.76	321.00
413.13	314.00
413.50	318.00
413.87	319.00
414.24	325.00
414.62	314.00
414.99	325.00
415.36	325.00
415.73	329.00
416.10	321.00
416.47	325.00
416.84	323.00
417.21	327.00
417.58	329.00
417.95	335.00
418.32	330.00
418.70	336.00
419.07	334.00
419.44	335.00
419.81	328.00
420.18	338.00
420.55	339.00
420.92	343.00
421.29	336.00
421.66	344.00
422.03	344.00
422.40	358.00
422.77	348.00
423.14	354.00
423.51	355.00
423.88	350.00
424.25	354.00
424.62	353.00
424.99	352.00
425.36	358.00
425.73	354.00
426.10	355.00
426.47	360.00
426.84	365.00
427.21	368.00
427.58	370.00
427.95	363.00
428.32	368.00
428.69	372.00
429.06	378.00
429.43	373.00
429.80	380.00
430.17	392.00
430.54	386.00
430.91	383.00
431.28	387.00
431.65	390.00
432.02	409.00
432.39	398.00
432.76	401.00
433.13	405.00
433.50	412.00
433.87	409.00
434.23	427.00
434.60	420.00
434.97	419.00
435.34	433.00
435.71	416.00
436.08	439.00
436.45	447.00
436.82	442.00
437.19	451.00
437.56	458.00
437.92	448.00
438.29	461.00
438.66	466.00
439.03	440.00
439.40	456.00
439.77	473.00
440.14	462.00
440.51	458.00
440.87	470.00
441.24	465.00
441.61	487.00
441.98	461.00
442.35	474.00
442.72	486.00
443.08	493.00
443.45	476.00
443.82	476.00
444.19	494.00
444.56	477.00
444.93	482.00
445.29	491.00
445.66	487.00
446.03	480.00
446.40	493.00
446.77	515.00
447.13	500.00
447.50	493.00
447.87	510.00
448.24	509.00
448.60	511.00
448.97	512.00
449.34	516.00
449.71	532.00
450.08	510.00
450.44	511.00
450.81	530.00
451.18	526.00
451.55	521.00
451.91	526.00
452.28	548.00
452.65	539.00
453.02	549.00
453.38	548.00
453.75	555.00
454.12	565.00
454.48	564.00
454.85	552.00
455.22	570.00
455.59	559.00
455.95	589.00
456.32	602.00
456.69	595.00
457.05	595.00
457.42	599.00
457.79	593.00
458.15	620.00
458.52	619.00
458.89	623.00
459.25	613.00
459.62	627.00
459.99	637.00
460.35	650.00
460.72	654.00
461.09	659.00
461.45	662.00
461.82	687.00
462.19	666.00
462.55	675.00
462.92	709.00
463.28	708.00
463.65	690.00
464.02	710.00
464.38	711.00
464.75	723.00
465.12	720.00
465.48	721.00
465.85	755.00
466.21	726.00
466.58	731.00
466.95	764.00
467.31	741.00
467.68	745.00
468.04	779.00
468.41	781.00
468.77	785.00
469.14	801.00
469.51	786.00
469.87	809.00
470.24	808.00
470.60	835.00
470.97	823.00
471.33	821.00
471.70	834.00
472.06	825.00
472.43	829.00
472.79	861.00
473.16	870.00
473.52	877.00
473.89	862.00
474.25	870.00
474.62	884.00
474.98	907.00
475.35	907.00
475.71	929.00
476.08	933.00
476.44	947.00
476.81	938.00
477.17	961.00
477.54	985.00
477.90	993.00
478.27	972.00
478.63	978.00
479.00	1030.00
479.36	1015.00
479.73	1021.00
480.09	1024.00
480.46	1028.00
480.82	1063.00
481.18	1061.00
481.55	1076.00
481.91	1100.00
482.28	1087.00
482.64	1104.00
483.01	1133.00
483.37	1136.00
483.73	1125.00
484.10	1167.00
484.46	1163.00
484.83	1187.00
485.19	1197.00
485.55	1193.00
485.92	1208.00
486.28	1228.00
486.65	1236.00
487.01	1233.00
487.37	1218.00
487.74	1280.00
488.10	1296.00
488.46	1273.00
488.83	1308.00
489.19	1308.00
489.55	1296.00
489.92	1312.00
490.28	1329.00
490.64	1366.00
491.01	1367.00
491.37	1365.00
491.73	1395.00
492.10	1417.00
492.46	1386.00
492.82	1445.00
493.19	1414.00
493.55	1426.00
493.91	1420.00
494.28	1450.00
494.64	1457.00
495.00	1468.00
495.37	1475.00
495.73	1477.00
496.09	1488.00
496.45	1498.00
496.82	1495.00
497.18	1497.00
497.54	1524.00
497.90	1523.00
498.27	1528.00
498.63	1543.00
498.99	1525.00
499.35	1548.00
499.72	1535.00
500.08	1563.00
500.44	1553.00
500.80	1555.00
501.17	1561.00
501.53	1548.00
501.89	1582.00
502.25	1564.00
502.61	1571.00
502.98	1574.00
503.34	1565.00
503.70	1571.00
504.06	1596.00
504.42	1576.00
504.79	1584.00
505.15	1608.00
505.51	1598.00
505.87	1609.00
506.23	1603.00
506.59	1620.00
506.96	1604.00
507.32	1607.00
507.68	1632.00
508.04	1636.00
508.40	1622.00
508.76	1628.00
509.12	1656.00
509.49	1668.00
509.85	1653.00
510.21	1653.00
510.57	1669.00
510.93	1667.00
511.29	1675.00
511.65	1669.00
512.01	1687.00
512.38	1690.00
512.74	1682.00
513.10	1696.00
513.46	1705.00
513.82	1695.00
514.18	1708.00
514.54	1709.00
514.90	1739.00
515.26	1743.00
515.62	1737.00
515.98	1761.00
516.34	1759.00
516.70	1766.00
517.06	1747.00
517.43	1775.00
517.79	1783.00
518.15	1795.00
518.51	1766.00
518.87	1799.00
519.23	1807.00
519.59	1830.00
519.95	1805.00
520.31	1829.00
520.67	1845.00
521.03	1855.00
521.39	1869.00
521.75	1866.00
522.11	1853.00
522.47	1879.00
522.83	1895.00
523.19	1882.00
523.55	1897.00
523.91	1909.00
524.27	1934.00
524.63	1925.00
524.99	1951.00
525.35	1945.00
525.70	1944.00
526.06	1942.00
526.42	1976.00
526.78	1968.00
527.14	1987.00
527.50	1997.00
527.86	1982.00
528.22	2005.00
528.58	2018.00
528.94	2030.00
529.30	2049.00
529.66	2051.00
530.02	2074.00
530.37	2046.00
530.73	2096.00
531.09	2082.00
531.45	2085.00
531.81	2091.00
532.17	2102.00
532.53	2111.00
532.89	2135.00
533.25	2124.00
533.60	2116.00
533.96	2136.00
534.32	2119.00
534.68	2147.00
535.04	2135.00
535.40	2144.00
535.75	2173.00
536.11	2153.00
536.47	2163.00
536.83	2166.00
537.19	2178.00
537.55	2172.00
537.90	2194.00
538.26	2162.00
538.62	2181.00
538.98	2195.00
539.34	2202.00
539.69	2222.00
540.05	2233.00
540.41	2216.00
540.77	2198.00
541.13	2214.00
541.48	2200.00
541.84	2196.00
542.20	2230.00
542.56	2230.00
542.91	2215.00
543.27	2227.00
543.63	2233.00
543.99	2209.00
544.34	2236.00
544.70	2251.00
545.06	2222.00
545.42	2252.00
545.77	2222.00
546.13	2244.00
546.49	2252.00
546.84	2251.00
547.20	2259.00
547.56	2281.00
547.92	2233.00
548.27	2249.00
548.63	2245.00
548.99	2269.00
549.34	2256.00
549.70	2295.00
550.06	2258.00
550.41	2285.00
550.77	2281.00
551.13	2296.00
551.48	2254.00
551.84	2277.00
552.20	2305.00
552.55	2279.00
552.91	2300.00
553.27	2321.00
553.62	2315.00
553.98	2315.00
554.34	2307.00
554.69	2299.00
555.05	2304.00
555.40	2344.00
555.76	2295.00
556.12	2329.00
556.47	2345.00
556.83	2324.00
557.18	2339.00
557.54	2297.00
557.90	2346.00
558.25	2378.00
558.61	2375.00
558.96	2401.00
559.32	2410.00
559.67	2385.00
560.03	2422.00
560.39	2418.00
560.74	2380.00
561.10	2432.00
561.45	2443.00
561.81	2450.00
562.16	2438.00
562.52	2454.00
562.87	2482.00
563.23	2454.00
563.58	2463.00
563.94	2470.00
564.29	2479.00
564.65	2497.00
565.00	2512.00
565.36	2502.00
565.71	2497.00
566.07	2523.00
566.42	2549.00
566.78	2554.00
567.13	2561.00
567.49	2602.00
567.84	2573.00
568.20	2573.00
568.55	2609.00
568.91	2604.00
569.26	2600.00
569.62	2656.00
569.97	2627.00
570.32	2650.00
570.68	2649.00
571.03	2638.00
571.39	2666.00
571.74	2657.00
572.10	2711.00
572.45	2711.00
572.80	2729.00
573.16	2707.00
573.51	2738.00
573.87	2738.00
574.22	2726.00
574.57	2774.00
574.93	2792.00
575.28	2748.00
575.63	2779.00
575.99	2780.00
576.34	2784.00
576.70	2812.00
577.05	2792.00
577.40	2773.00
577.76	2803.00
578.11	2807.00
578.46	2830.00
578.82	2842.00
579.17	2839.00
579.52	2834.00
579.88	2861.00
580.23	2850.00
580.58	2851.00
580.94	2865.00
581.29	2872.00
581.64	2865.00
582.00	2884.00
582.35	2897.00
582.70	2899.00
583.05	2881.00
583.41	2898.00
583.76	2886.00
584.11	2915.00
584.47	2917.00
584.82	2916.00
585.17	2921.00
585.52	2903.00
585.88	2919.00
586.23	2911.00
586.58	2921.00
586.93	2935.00
587.29	2893.00
587.64	2933.00
587.99	2918.00
588.34	2912.00
588.69	2910.00
589.05	2942.00
589.40	2901.00
589.75	2902.00
590.10	2916.00
590.45	2908.00
590.81	2889.00
591.16	2914.00
591.51	2880.00
591.86	2880.00
592.21	2920.00
592.57	2891.00
592.92	2886.00
593.27	2886.00
593.62	2886.00
593.97	2919.00
594.32	2907.00
594.68	2891.00
595.03	2909.00
595.38	2917.00
595.73	2883.00
596.08	2915.00
596.43	2858.00
596.78	2884.00
597.13	2885.00
597.49	2903.00
597.84	2869.00
598.19	2849.00
598.54	2855.00
598.89	2874.00
599.24	2908.00
599.59	2891.00
599.94	2914.00
600.29	2898.00
600.64	2893.00
600.99	2848.00
601.35	2857.00
601.70	2878.00
602.05	2899.00
602.40	2875.00
602.75	2891.00
603.10	2871.00
603.45	2891.00
603.80	2943.00
604.15	2914.00
604.50	2895.00
604.85	2927.00
605.20	2921.00
605.55	2890.00
605.90	2931.00
606.25	2926.00
606.60	2900.00
606.95	2918.00
607.30	2911.00
607.65	2947.00
608.00	2966.00
608.35	2969.00
608.70	2965.00
609.05	2975.00
609.40	2993.00
609.75	2951.00
610.10	3002.00
610.45	2981.00
610.80	2971.00
611.15	2980.00
611.50	3026.00
611.84	3007.00
612.19	2999.00
612.54	3013.00
612.89	3007.00
613.24	3033.00
613.59	3035.00
613.94	3045.00
614.29	3045.00
614.64	3043.00
614.99	3055.00
615.34	3076.00
615.68	3037.00
616.03	3104.00
616.38	3070.00
616.73	3125.00
617.08	3121.00
617.43	3102.00
617.78	3106.00
618.13	3130.00
618.47	3124.00
618.82	3150.00
619.17	3162.00
619.52	3166.00
619.87	3192.00
620.22	3175.00
620.56	3209.00
620.91	3194.00
621.26	3203.00
621.61	3218.00
621.96	3219.00
622.30	3239.00
622.65	3240.00
623.00	3200.00
623.35	3241.00
623.70	3227.00
624.04	3258.00
624.39	3263.00
624.74	3273.00
625.09	3266.00
625.44	3277.00
625.78	3294.00
626.13	3297.00
626.48	3315.00
626.83	3312.00
627.17	3335.00
627.52	3335.00
627.87	3356.00
628.22	3296.00
628.56	3353.00
628.91	3339.00
629.26	3347.00
629.60	3347.00
629.95	3363.00
630.30	3364.00
630.64	3386.00
630.99	3372.00
631.34	3390.00
631.69	3389.00
632.03	3375.00
632.38	3384.00
632.73	3393.00
633.07	3386.00
633.42	3393.00
633.77	3386.00
634.11	3387.00
634.46	3401.00
634.81	3374.00
635.15	3403.00
635.50	3390.00
635.84	3382.00
636.19	3387.00
636.54	3401.00
636.88	3411.00
637.23	3395.00
637.58	3422.00
637.92	3396.00
638.27	3372.00
638.61	3402.00
638.96	3410.00
639.31	3369.00
639.65	3388.00
640.00	3351.00
640.34	3396.00
640.69	3388.00
641.03	3373.00
641.38	3388.00
641.73	3384.00
642.07	3348.00
642.42	3367.00
642.76	3368.00
643.11	3386.00
643.45	3366.00
643.80	3357.00
644.14	3358.00
644.49	3329.00
644.83	3336.00
645.18	3352.00
645.52	3368.00
645.87	3359.00
646.21	3345.00
646.56	3345.00
646.90	3340.00
647.25	3360.00
647.59	3333.00
647.94	3324.00
648.28	3310.00
648.63	3310.00
648.97	3311.00
649.32	3338.00
649.66	3293.00
650.01	3298.00
650.35	3313.00
650.69	3303.00
651.04	3299.00
651.38	3285.00
651.73	3317.00
652.07	3272.00
652.42	3308.00
652.76	3282.00
653.10	3294.00
653.45	3304.00
653.79	3284.00
654.14	3294.00
654.48	3313.00
654.82	3263.00
655.17	3294.00
655.51	3269.00
655.86	3287.00
656.20	3287.00
656.54	3268.00
656.89	3249.00
657.23	3272.00
657.57	3283.00
657.92	3254.00
658.26	3296.00
658.60	3255.00
658.95	3282.00
659.29	3264.00
659.63	3239.00
659.98	3227.00
660.32	3272.00
660.66	3236.00
661.01	3276.00
661.35	3268.00
661.69	3283.00
662.03	3264.00
662.38	3248.00
662.72	3237.00
663.06	3261.00
663.41	3276.00
663.75	3248.00
664.09	3254.00
664.43	3249.00
664.78	3247.00
665.12	3273.00
665.46	3285.00
665.80	3272.00
666.15	3266.00
666.49	3242.00
666.83	3241.00
667.17	3293.00
667.51	3277.00
667.86	3266.00
668.20	3254.00
668.54	3266.00
668.88	3310.00
669.23	3255.00
669.57	3275.00
669.91	3226.00
670.25	3286.00
670.59	3253.00
670.93	3286.00
671.28	3291.00
671.62	3266.00
671.96	3306.00
672.30	3267.00
672.64	3280.00
672.98	3283.00
673.33	3314.00
673.67	3296.00
674.01	3313.00
674.35	3289.00
674.69	3296.00
675.03	3299.00
675.37	3297.00
675.71	3272.00
676.05	3322.00
676.40	3307.00
676.74	3323.00
677.08	3333.00
677.42	3307.00
677.76	3315.00
678.10	3299.00
678.44	3305.00
678.78	3291.00
679.12	3288.00
679.46	3315.00
679.80	3312.00
680.14	3308.00
680.48	3332.00
680.82	3314.00
681.17	3315.00
681.51	3305.00
681.85	3296.00
682.19	3330.00
682.53	3322.00
682.87	3330.00
683.21	3336.00
683.55	3297.00
683.89	3345.00
684.23	3303.00
684.57	3305.00
684.91	3293.00
685.25	3367.00
685.59	3292.00
685.93	3324.00
686.26	3283.00
686.60	3312.00
686.94	3325.00
687.28	3306.00
687.62	3329.00
687.96	3307.00
688.30	3288.00
688.64	3306.00
688.98	3300.00
689.32	3291.00
689.66	3295.00
690.00	3307.00
690.34	3289.00
690.68	3306.00
691.02	3290.00
691.35	3260.00
691.69	3310.00
692.03	3276.00
692.37	3285.00
692.71	3307.00
693.05	3257.00
693.39	3259.00
693.73	3278.00
694.06	3275.00
694.40	3245.00
694.74	3267.00
695.08	3213.00
695.42	3247.00
695.76	3235.00
696.09	3254.00
696.43	3248.00
696.77	3229.00
697.11	3228.00
697.45	3239.00
697.79	3183.00
698.12	3192.00
698.46	3183.00
698.80	3197.00
699.14	3167.00
699.48	3192.00
699.81	3192.00
700.15	3144.00
700.49	3169.00
700.83	3144.00
701.16	3165.00
701.50	3173.00
701.84	3130.00
702.18	3126.00
702.51	3093.00
702.85	3111.00
703.19	3098.00
703.53	3100.00
703.86	3066.00
704.20	3075.00
704.54	3054.00
704.87	3088.00
705.21	3047.00
705.55	3075.00
705.89	3041.00
706.22	3051.00
706.56	3038.00
706.90	3014.00
707.23	3013.00
707.57	3012.00
707.91	2988.00
708.24	2995.00
708.58	3021.00
708.92	2972.00
709.25	2976.00
709.59	2959.00
709.93	2959.00
710.26	2940.00
710.60	2940.00
710.93	2920.00
711.27	2923.00
711.61	2915.00
711.94	2917.00
712.28	2909.00
712.61	2888.00
712.95	2912.00
713.29	2882.00
713.62	2876.00
713.96	2865.00
714.29	2860.00
714.63	2859.00
714.97	2824.00
715.30	2858.00
715.64	2823.00
715.97	2814.00
716.31	2823.00
716.64	2809.00
716.98	2791.00
717.31	2777.00
717.65	2799.00
717.98	2763.00
718.32	2746.00
718.66	2757.00
718.99	2760.00
719.33	2727.00
719.66	2733.00
720.00	2715.00
720.33	2709.00
720.66	2715.00
721.00	2671.00
721.33	2688.00
721.67	2694.00
722.00	2654.00
722.34	2674.00
722.67	2673.00
723.01	2672.00
723.34	2664.00
723.68	2656.00
724.01	2661.00
724.35	2636.00
724.68	2625.00
725.01	2626.00
725.35	2646.00
725.68	2606.00
726.02	2651.00
726.35	2599.00
726.68	2609.00
727.02	2618.00
727.35	2608.00
727.69	2616.00
728.02	2603.00
728.35	2595.00
728.69	2619.00
729.02	2599.00
729.35	2598.00
729.69	2599.00
730.02	2580.00
730.36	2579.00
730.69	2565.00
731.02	2567.00
731.36	2564.00
731.69	2559.00
732.02	2565.00
732.36	2585.00
732.69	2574.00
733.02	2557.00
733.35	2562.00
733.69	2534.00
734.02	2545.00
734.35	2540.00
734.69	2558.00
735.02	2530.00
735.35	2564.00
735.68	2548.00
736.02	2542.00
736.35	2527.00
736.68	2558.00
737.02	2518.00
737.35	2527.00
737.68	2530.00
738.01	2533.00
738.34	2533.00
738.68	2502.00
739.01	2530.00
739.34	2535.00
739.67	2519.00
740.01	2529.00
740.34	2525.00
740.67	2534.00
741.00	2519.00
741.33	2506.00
741.67	2530.00
742.00	2489.00
742.33	2533.00
742.66	2520.00
742.99	2501.00
743.32	2498.00
743.66	2516.00
743.99	2490.00
744.32	2514.00
744.65	2502.00
744.98	2525.00
745.31	2508.00
745.64	2522.00
745.97	2497.00
746.31	2496.00
746.64	2491.00
746.97	2522.00
747.30	2511.00
747.63	2485.00
747.96	2485.00
748.29	2492.00
748.62	2495.00
748.95	2479.00
749.28	2488.00
749.62	2517.00
749.95	2476.00
750.28	2458.00
750.61	2474.00
750.94	2473.00
751.27	2469.00
751.60	2495.00
751.93	2492.00
752.26	2461.00
752.59	2491.00
752.92	2453.00
753.25	2484.00
753.58	2472.00
753.91	2470.00
754.24	2490.00
754.57	2462.00
754.90	2460.00
755.23	2445.00
755.56	2472.00
755.89	2449.00
756.22	2483.00
756.55	2440.00
756.88	2445.00
757.21	2442.00
757.54	2434.00
757.87	2449.00
758.20	2401.00
758.52	2442.00
758.85	2428.00
759.18	2438.00
759.51	2435.00
759.84	2405.00
760.17	2413.00
760.50	2415.00
760.83	2410.00
761.16	2417.00
761.49	2428.00
761.82	2421.00
762.14	2386.00
762.47	2389.00
762.80	2385.00
763.13	2393.00
763.46	2384.00
763.79	2395.00
764.12	2389.00
764.45	2377.00
764.77	2348.00
765.10	2350.00
765.43	2347.00
765.76	2319.00
766.09	2352.00
766.41	2337.00
766.74	2366.00
767.07	2332.00
767.40	2342.00
767.73	2337.00
768.05	2323.00
768.38	2312.00
768.71	2315.00
769.04	2306.00
769.37	2319.00
769.69	2306.00
770.02	2304.00
770.35	2276.00
770.68	2301.00
771.00	2288.00
771.33	2291.00
771.66	2294.00
771.99	2263.00
772.31	2262.00
772.64	2282.00
772.97	2264.00
773.30	2271.00
773.62	2221.00
773.95	2255.00
774.28	2220.00
774.60	2207.00
774.93	2220.00
775.26	2238.00
775.58	2212.00
775.91	2209.00
776.24	2164.00
776.56	2147.00
776.89	2174.00
777.22	2158.00
777.54	2169.00
777.87	2197.00
778.20	2151.00
778.52	2119.00
778.85	2136.00
779.17	2143.00
779.50	2110.00
779.83	2117.00
780.15	2111.00
780.48	2131.00
780.81	2109.00
781.13	2099.00
781.46	2098.00
781.78	2121.00
782.11	2069.00
782.43	2074.00
782.76	2073.00
783.09	2045.00
783.41	2038.00
783.74	2079.00
784.06	2066.00
784.39	2043.00
784.71	2033.00
785.04	2029.00
785.36	2027.00
785.69	2022.00
786.01	2000.00
786.34	1990.00
786.66	2002.00
786.99	1997.00
787.31	1970.00
787.64	1968.00
787.96	1958.00
788.29	1957.00
788.61	1963.00
788.94	1935.00
789.26	1932.00
789.59	1904.00
789.91	1921.00
790.24	1918.00
790.56	1940.00
790.89	1913.00
791.21	1908.00
791.53	1904.00
791.86	1865.00
792.18	1894.00
792.51	1856.00
792.83	1854.00
793.16	1848.00
793.48	1825.00
793.80	1821.00
794.13	1856.00
794.45	1823.00
794.78	1830.00
795.10	1833.00
795.42	1803.00
795.75	1813.00
796.07	1809.00
796.39	1802.00
796.72	1761.00
797.04	1803.00
797.36	1778.00
797.69	1774.00
798.01	1747.00
798.33	1737.00
798.66	1755.00
798.98	1760.00
799.30	1751.00
799.63	1734.00
799.95	1737.00
800.27	1709.00
800.60	1725.00
800.92	1718.00
801.24	1715.00
801.56	1698.00
801.89	1704.00
802.21	1673.00
802.53	1685.00
802.85	1650.00
803.18	1673.00
803.50	1659.00
803.82	1651.00
804.14	1644.00
804.47	1677.00
804.79	1638.00
805.11	1650.00
805.43	1626.00
805.75	1636.00
806.08	1638.00
806.40	1645.00
806.72	1631.00
807.04	1587.00
807.36	1606.00
807.69	1607.00
808.01	1612.00
808.33	1607.00
808.65	1580.00
808.97	1581.00
809.29	1592.00
809.62	1603.00
809.94	1567.00
810.26	1566.00
810.58	1567.00
810.90	1552.00
811.22	1547.00
811.54	1554.00
811.87	1564.00
812.19	1546.00
812.51	1542.00
812.83	1535.00
813.15	1518.00
813.47	1554.00
813.79	1562.00
814.11	1543.00
814.43	1526.00
814.75	1506.00
815.07	1514.00
815.39	1487.00
815.71	1500.00
816.04	1510.00
816.36	1487.00
816.68	1506.00
817.00	1492.00
817.32	1540.00
817.64	1470.00
817.96	1461.00
818.28	1468.00
818.60	1488.00
818.92	1484.00
819.24	1464.00
819.56	1467.00
819.88	1477.00
820.20	1454.00
820.52	1468.00
820.84	1470.00
821.16	1479.00
821.47	1465.00
821.79	1473.00
822.11	1487.00
822.43	1452.00
822.75	1461.00
823.07	1456.00
823.39	1457.00
823.71	1454.00
824.03	1451.00
824.35	1430.00
824.67	1454.00
824.99	1436.00
825.31	1453.00
825.62	1429.00
825.94	1415.00
826.26	1438.00
826.58	1446.00
826.90	1438.00
827.22	1408.00
827.54	1429.00
827.86	1434.00
828.17	1438.00
828.49	1420.00
828.81	1426.00
829.13	1420.00
829.45	1389.00
829.77	1406.00
830.08	1404.00
830.40	1380.00
830.72	1415.00
831.04	1419.00
831.36	1400.00
831.67	1413.00
831.99	1401.00
832.31	1391.00
832.63	1391.00
832.95	1393.00
833.26	1394.00
833.58	1388.00
833.90	1386.00
834.22	1400.00
834.53	1382.00
834.85	1366.00
835.17	1380.00
835.48	1375.00
835.80	1368.00
836.12	1365.00
836.44	1366.00
836.75	1374.00
837.07	1382.00
837.39	1358.00
837.70	1385.00
838.02	1374.00
838.34	1381.00
838.65	1380.00
838.97	1360.00
839.29	1354.00
839.60	1371.00
839.92	1361.00
840.24	1360.00
840.55	1358.00
840.87	1344.00
841.19	1325.00
841.50	1342.00
841.82	1350.00
842.14	1358.00
842.45	1373.00
842.77	1362.00
843.08	1354.00
843.40	1340.00
843.72	1355.00
844.03	1338.00
844.35	1365.00
844.66	1348.00
844.98	1330.00
845.29	1343.00
845.61	1340.00
845.93	1316.00
846.24	1341.00
846.56	1350.00
846.87	1339.00
847.19	1337.00
847.50	1340.00
847.82	1321.00
848.13	1335.00
848.45	1345.00
848.76	1314.00
849.08	1327.00
849.39	1336.00
849.71	1330.00
850.02	1317.00
850.34	1340.00
850.65	1315.00
850.97	1315.00
851.28	1318.00
851.60	1329.00
851.91	1312.00
852.23	1310.00
852.54	1314.00
852.86	1307.00
853.17	1303.00
853.48	1302.00
853.80	1302.00
854.11	1303.00
854.43	1300.00
854.74	1310.00
855.05	1290.00
855.37	1286.00
855.68	1300.00
856.00	1291.00
856.31	1301.00
856.62	1298.00
856.94	1288.00
857.25	1298.00
857.56	1271.00
857.88	1279.00
858.19	1295.00
858.51	1276.00
858.82	1270.00
859.13	1269.00
859.45	1268.00
859.76	1267.00
860.07	1279.00
860.38	1270.00
860.70	1243.00
861.01	1248.00
861.32	1258.00
861.64	1245.00
861.95	1251.00
862.26	1242.00
862.58	1250.00
862.89	1234.00
863.20	1230.00
863.51	1233.00
863.83	1239.00
864.14	1229.00
864.45	1220.00
864.76	1223.00
865.08	1220.00
865.39	1215.00
865.70	1208.00
866.01	1213.00
866.32	1189.00
866.64	1198.00
866.95	1190.00
867.26	1189.00
867.57	1180.00
867.88	1168.00
868.20	1172.00
868.51	1173.00
868.82	1174.00
869.13	1160.00
869.44	1173.00
869.75	1172.00
870.07	1141.00
870.38	1155.00
870.69	1136.00
871.00	1140.00
871.31	1144.00
871.62	1156.00
871.93	1130.00
872.24	1125.00
872.55	1099.00
872.87	1103.00
873.18	1115.00
873.49	1097.00
873.80	1108.00
874.11	1094.00
874.42	1079.00
874.73	1083.00
875.04	1071.00
875.35	1074.00
875.66	1064.00
875.97	1060.00
876.28	1073.00
876.59	1045.00
876.90	1050.00
877.21	1040.00
877.52	1043.00
877.83	1043.00
878.14	1034.00
878.45	1038.00
878.76	1015.00
879.07	1025.00
879.38	1003.00
879.69	1004.00
880.00	1006.00
880.31	1011.00
880.62	997.00
880.93	996.00
881.24	989.00
881.55	998.00
881.86	983.00
882.17	985.00
882.48	977.00
882.79	976.00
883.10	979.00
883.41	968.00
883.72	955.00
884.03	975.00
884.33	963.00
884.64	960.00
884.95	954.00
885.26	954.00
885.57	952.00
885.88	951.00
886.19	952.00
886.50	955.00
886.80	954.00
887.11	941.00
887.42	947.00
887.73	946.00
888.04	938.00
888.35	942.00
888.65	926.00
888.96	932.00
889.27	928.00
889.58	929.00
889.89	916.00
890.19	902.00
890.50	906.00
890.81	900.00
891.12	908.00
891.43	908.00
891.73	912.00
892.04	902.00
892.35	920.00
892.66	896.00
892.96	876.00
893.27	902.00
893.58	916.00
893.89	897.00
894.19	890.00
894.50	875.00
894.81	886.00
895.11	904.00
895.42	895.00
895.73	880.00
896.03	879.00
896.34	910.00
896.65	883.00
896.96	859.00
897.26	864.00
897.57	866.00
897.88	873.00
898.18	854.00
898.49	849.00
898.79	867.00
899.10	867.00
899.41	860.00
899.71	860.00
900.02	849.00
900.33	849.00
900.63	846.00
900.94	860.00
901.24	840.00
901.55	852.00
901.86	838.00
902.16	833.00
902.47	829.00
902.77	837.00
903.08	836.00
903.38	838.00
903.69	822.00
904.00	825.00
904.30	834.00
904.61	813.00
904.91	818.00
905.22	824.00
905.52	831.00
905.83	824.00
906.13	809.00
906.44	814.00
906.74	820.00
907.05	814.00
907.35	802.00
907.66	801.00
907.96	792.00
908.27	795.00
908.57	801.00
908.88	798.00
909.18	800.00
909.48	792.00
909.79	790.00
910.09	798.00
910.40	777.00
910.70	783.00
911.01	783.00
911.31	794.00
911.61	794.00
911.92	784.00
912.22	793.00
912.53	786.00
912.83	782.00
913.13	769.00
913.44	769.00
913.74	777.00
914.04	791.00
914.35	767.00
914.65	756.00
914.96	753.00
915.26	756.00
915.56	745.00
915.87	749.00
916.17	757.00
916.47	749.00
916.78	747.00
917.08	746.00
917.38	737.00
917.68	746.00
917.99	727.00
918.29	737.00
918.59	737.00
918.90	726.00
919.20	724.00
919.50	720.00
919.80	729.00
920.11	715.00
920.41	733.00
920.71	724.00
921.01	712.00
921.32	702.00
921.62	712.00
921.92	703.00
922.22	691.00
922.52	707.00
922.83	701.00
923.13	704.00
923.43	712.00
923.73	691.00
924.03	693.00
924.34	687.00
924.64	682.00
924.94	682.00
925.24	680.00
925.54	667.00
925.84	669.00
926.15	660.00
926.45	669.00
926.75	661.00
927.05	659.00
927.35	662.00
927.65	663.00
927.95	648.00
928.25	652.00
928.55	654.00
928.86	639.00
929.16	648.00
929.46	650.00
929.76	632.00
930.06	633.00
930.36	640.00
930.66	635.00
930.96	621.00
931.26	617.00
931.56	614.00
931.86	613.00
932.16	613.00
932.46	601.00
932.76	605.00
933.06	605.00
933.36	596.00
933.66	590.00
933.96	588.00
934.26	582.00
934.56	571.00
934.86	559.00
935.16	564.00
935.46	555.00
935.76	551.00
936.06	545.00
936.36	538.00
936.66	545.00
936.96	517.00
937.26	521.00
937.56	518.00
937.86	499.00
938.16	493.00
938.45	489.00
938.75	485.00
939.05	485.00
939.35	465.00
939.65	468.00
939.95	470.00
940.25	463.00
940.55	463.00
940.85	453.00
941.14	449.00
941.44	455.00
941.74	436.00
942.04	440.00
942.34	440.00
942.64	441.00
942.93	432.00
943.23	431.00
943.53	436.00
943.83	435.00
944.13	433.00
944.42	431.00
944.72	419.00
945.02	428.00
945.32	417.00
945.62	420.00
945.91	424.00
946.21	435.00
946.51	415.00
946.81	424.00
947.10	422.00
947.40	417.00
947.70	424.00
948.00	420.00
948.29	427.00
948.59	422.00
948.89	421.00
949.18	418.00
949.48	419.00
949.78	428.00
950.08	433.00
950.37	420.00
950.67	425.00
950.97	426.00
951.26	423.00
951.56	425.00
951.86	425.00
952.15	424.00
952.45	424.00
952.74	425.00
953.04	426.00
953.34	425.00
953.63	420.00
953.93	423.00
954.23	426.00
954.52	422.00
954.82	422.00
955.11	426.00
955.41	422.00
955.71	429.00
956.00	417.00
956.30	420.00
956.59	422.00
956.89	421.00
957.18	421.00
957.48	417.00
957.77	422.00
958.07	423.00
958.36	422.00
958.66	417.00
958.96	420.00
959.25	411.00
959.55	416.00
959.84	416.00
960.14	422.00
960.43	410.00
960.73	415.00
961.02	424.00
961.31	415.00
961.61	412.00
961.90	413.00
962.20	412.00
962.49	416.00
962.79	407.00
963.08	424.00
963.38	414.00
963.67	409.00
963.96	422.00
964.26	411.00
964.55	411.00
964.85	415.00
965.14	415.00
965.43	406.00
965.73	410.00
966.02	409.00
966.32	417.00
966.61	405.00
966.90	413.00
967.20	411.00
967.49	404.00
967.78	408.00
968.08	409.00
968.37	405.00
968.66	407.00
968.96	393.00
969.25	405.00
969.54	394.00
969.84	405.00
970.13	405.00
970.42	406.00
970.71	395.00
971.01	404.00
971.30	400.00
971.59	401.00
971.89	405.00
972.18	400.00
972.47	398.00
972.76	389.00
973.06	400.00
973.35	396.00
973.64	395.00
973.93	397.00
974.22	396.00
974.52	390.00
974.81	395.00
975.10	394.00
975.39	390.00
975.68	389.00
975.98	396.00
976.27	393.00
976.56	392.00
976.85	382.00
977.14	384.00
977.43	383.00
977.73	383.00
978.02	389.00
978.31	376.00
978.60	387.00
978.89	384.00
979.18	388.00
979.47	383.00
979.76	376.00
980.05	385.00
980.35	383.00
980.64	381.00
980.93	382.00
981.22	378.00
981.51	379.00
981.80	376.00
982.09	372.00
982.38	380.00
982.67	371.00
982.96	373.00
983.25	375.00
983.54	376.00
983.83	373.00
984.12	365.00
984.41	373.00
984.70	367.00
984.99	377.00
985.28	374.00
985.57	367.00
985.86	370.00
986.15	365.00
986.44	360.00
986.73	368.00
987.02	362.00
987.31	358.00
987.60	358.00
987.89	366.00
988.18	360.00
988.47	365.00
988.76	357.00
989.05	365.00
989.34	359.00
989.62	349.00
989.91	354.00
990.20	349.00
990.49	352.00
990.78	355.00
991.07	355.00
991.36	348.00
991.65	357.00
991.93	354.00
992.22	351.00
992.51	350.00
992.80	347.00
993.09	348.00
993.38	350.00
993.66	357.00
993.95	353.00
994.24	346.00
994.53	344.00
994.82	343.00
995.11	343.00
995.39	347.00
995.68	342.00
995.97	344.00
996.26	334.00
996.54	341.00
996.83	340.00
997.12	343.00
997.41	337.00
997.69	339.00
997.98	334.00
998.27	337.00
998.56	328.00
998.84	329.00
999.13	331.00
999.42	333.00
999.70	333.00
999.99	334.00
1000.28	329.00
1000.56	327.00
1000.85	326.00
1001.14	329.00
1001.42	331.00
1001.71	326.00
1002.00	320.00
1002.28	331.00
1002.57	326.00
1002.86	326.00
1003.14	323.00
1003.43	325.00
1003.72	319.00
1004.00	320.00
1004.29	317.00
1004.57	328.00
1004.86	320.00
1005.15	317.00
1005.43	320.00
1005.72	314.00
1006.00	313.00
1006.29	317.00
1006.57	316.00
1006.86	322.00
1007.14	317.00
1007.43	317.00
1007.72	313.00
1008.00	317.00
1008.29	305.00
1008.57	308.00
1008.86	315.00
1009.14	308.00
1009.43	309.00
1009.71	308.00
1010.00	311.00
1010.28	303.00
1010.56	303.00
1010.85	305.00
1011.13	306.00
1011.42	304.00
1011.70	301.00
1011.99	308.00
1012.27	303.00
1012.56	296.00
1012.84	306.00
1013.12	293.00
1013.41	302.00
1013.69	298.00
1013.98	296.00
1014.26	299.00
1014.54	299.00
1014.83	298.00
1015.11	297.00
1015.40	297.00
1015.68	298.00
1015.96	299.00
1016.25	292.00
1016.53	298.00
1016.81	294.00
1017.10	298.00
1017.38	290.00
1017.66	292.00
1017.95	286.00
1018.23	288.00
1018.51	290.00
1018.80	292.00
1019.08	287.00
1019.36	292.00
1019.64	290.00
1019.93	287.00
1020.21	289.00
1020.49	292.00
1020.77	287.00
1021.06	285.00
1021.34	279.00
1021.62	283.00
1021.90	283.00
1022.19	285.00
1022.47	283.00
1022.75	275.00
1023.03	277.00
1023.31	278.00
1023.60	279.00
1023.88	279.00
1024.16	276.00
1024.44	277.00
1024.72	274.00
