340.06	0.00
340.44	213.00
340.81	209.00
341.19	206.00
341.57	211.00
341.95	212.00
342.32	212.00
342.70	214.00
343.08	217.00
343.46	215.00
343.84	210.00
344.21	215.00
344.59	218.00
344.97	213.00
345.35	219.00
345.72	218.00
346.10	218.00
346.48	214.00
346.86	215.00
347.23	212.00
347.61	217.00
347.99	218.00
348.37	216.00
348.74	220.00
349.12	219.00
349.50	219.00
349.88	221.00
350.25	218.00
350.63	224.00
351.01	219.00
351.38	224.00
351.76	220.00
352.14	219.00
352.52	220.00
352.89	224.00
353.27	218.00
353.65	221.00
354.02	215.00
354.40	221.00
354.78	219.00
355.15	219.00
355.53	219.00
355.91	220.00
356.28	217.00
356.66	224.00
357.04	216.00
357.41	221.00
357.79	223.00
358.17	222.00
358.54	225.00
358.92	226.00
359.30	220.00
359.67	223.00
360.05	219.00
360.42	220.00
360.80	217.00
361.18	221.00
361.55	212.00
361.93	219.00
362.31	223.00
362.68	223.00
363.06	226.00
363.43	218.00
363.81	231.00
364.19	222.00
364.56	224.00
364.94	224.00
365.31	222.00
365.69	223.00
366.06	223.00
366.44	224.00
366.82	225.00
367.19	226.00
367.57	225.00
367.94	228.00
368.32	227.00
368.69	224.00
369.07	225.00
369.45	220.00
369.82	229.00
370.20	222.00
370.57	228.00
370.95	230.00
371.32	228.00
371.70	227.00
372.07	224.00
372.45	225.00
372.82	228.00
373.20	229.00
373.57	225.00
373.95	228.00
374.32	230.00
374.70	227.00
375.07	226.00
375.45	230.00
375.82	233.00
376.20	231.00
376.57	231.00
376.95	225.00
377.32	232.00
377.70	232.00
378.07	224.00
378.45	231.00
378.82	229.00
379.19	231.00
379.57	228.00
379.94	230.00
380.32	226.00
380.69	234.00
381.07	228.00
381.44	232.00
381.82	228.00
382.19	233.00
382.56	239.00
382.94	227.00
383.31	226.00
383.69	230.00
384.06	238.00
384.43	236.00
384.81	230.00
385.18	239.00
385.56	242.00
385.93	238.00
386.30	240.00
386.68	242.00
387.05	243.00
387.43	237.00
387.80	236.00
388.17	238.00
388.55	235.00
388.92	232.00
389.29	242.00
389.67	237.00
390.04	239.00
390.41	241.00
390.79	239.00
391.16	245.00
391.54	239.00
391.91	244.00
392.28	245.00
392.66	243.00
393.03	245.00
393.40	249.00
393.77	248.00
394.15	244.00
394.52	245.00
394.89	244.00
395.27	239.00
395.64	248.00
396.01	245.00
396.39	241.00
396.76	248.00
397.13	247.00
397.50	252.00
397.88	250.00
398.25	251.00
398.62	250.00
399.00	243.00
399.37	244.00
399.74	251.00
400.11	252.00
400.49	254.00
400.86	254.00
401.23	251.00
401.60	259.00
401.98	257.00
402.35	260.00
402.72	250.00
403.09	257.00
403.46	257.00
403.84	259.00
404.21	264.00
404.58	263.00
404.95	258.00
405.33	252.00
405.70	257.00
406.07	261.00
406.44	265.00
406.81	263.00
407.19	266.00
407.56	268.00
407.93	252.00
408.30	265.00
408.67	268.00
409.04	269.00
409.42	272.00
409.79	274.00
410.16	275.00
410.53	269.00
410.90	276.00
411.27	274.00
411.64	276.00
412.02	278.00
412.39	280.00
412.76	280.00
413.13	283.00
413.50	278.00
413.87	281.00
414.24	285.00
414.62	288.00
414.99	278.00
415.36	282.00
415.73	284.00
416.10	287.00
416.47	286.00
416.84	291.00
417.21	288.00
417.58	288.00
417.95	284.00
418.32	292.00
418.70	291.00
419.07	292.00
419.44	295.00
419.81	293.00
420.18	291.00
420.55	291.00
420.92	288.00
421.29	296.00
421.66	300.00
422.03	296.00
422.40	304.00
422.77	304.00
423.14	306.00
423.51	301.00
423.88	304.00
424.25	305.00
424.62	305.00
424.99	308.00
425.36	306.00
425.73	302.00
426.10	307.00
426.47	303.00
426.84	317.00
427.21	319.00
427.58	318.00
427.95	303.00
428.32	311.00
428.69	317.00
429.06	319.00
429.43	317.00
429.80	319.00
430.17	326.00
430.54	324.00
430.91	328.00
431.28	333.00
431.65	327.00
432.02	336.00
432.39	339.00
432.76	333.00
433.13	341.00
433.50	338.00
433.87	335.00
434.23	353.00
434.60	351.00
434.97	349.00
435.34	353.00
435.71	347.00
436.08	355.00
436.45	359.00
436.82	356.00
437.19	363.00
437.56	370.00
437.92	360.00
438.29	375.00
438.66	375.00
439.03	360.00
439.40	373.00
439.77	385.00
440.14	373.00
440.51	375.00
440.87	376.00
441.24	377.00
441.61	381.00
441.98	371.00
442.35	383.00
442.72	393.00
443.08	379.00
443.45	381.00
443.82	391.00
444.19	392.00
444.56	380.00
444.93	391.00
445.29	390.00
445.66	390.00
446.03	386.00
446.40	389.00
446.77	407.00
447.13	396.00
447.50	397.00
447.87	401.00
448.24	396.00
448.60	409.00
448.97	404.00
449.34	406.00
449.71	417.00
450.08	407.00
450.44	409.00
450.81	413.00
451.18	413.00
451.55	409.00
451.91	409.00
452.28	430.00
452.65	425.00
453.02	420.00
453.38	431.00
453.75	425.00
454.12	453.00
454.48	442.00
454.85	436.00
455.22	446.00
455.59	430.00
455.95	449.00
456.32	461.00
456.69	457.00
457.05	462.00
457.42	467.00
457.79	467.00
458.15	471.00
458.52	468.00
458.89	480.00
459.25	462.00
459.62	477.00
459.99	494.00
460.35	499.00
460.72	509.00
461.09	498.00
461.45	491.00
461.82	518.00
462.19	499.00
462.55	511.00
462.92	537.00
463.28	525.00
463.65	529.00
464.02	531.00
464.38	538.00
464.75	533.00
465.12	533.00
465.48	537.00
465.85	559.00
466.21	544.00
466.58	542.00
466.95	567.00
467.31	561.00
467.68	554.00
468.04	573.00
468.41	574.00
468.77	573.00
469.14	573.00
469.51	578.00
469.87	597.00
470.24	596.00
470.60	601.00
470.97	598.00
471.33	595.00
471.70	609.00
472.06	608.00
472.43	608.00
472.79	626.00
473.16	642.00
473.52	622.00
473.89	622.00
474.25	619.00
474.62	638.00
474.98	656.00
475.35	643.00
475.71	656.00
476.08	649.00
476.44	662.00
476.81	670.00
477.17	661.00
477.54	682.00
477.90	691.00
478.27	693.00
478.63	700.00
479.00	720.00
479.36	705.00
479.73	728.00
480.09	729.00
480.46	719.00
480.82	721.00
481.18	747.00
481.55	746.00
481.91	747.00
482.28	759.00
482.64	761.00
483.01	770.00
483.37	775.00
483.73	766.00
484.10	805.00
484.46	789.00
484.83	806.00
485.19	817.00
485.55	788.00
485.92	806.00
486.28	838.00
486.65	836.00
487.01	830.00
487.37	828.00
487.74	848.00
488.10	850.00
488.46	853.00
488.83	854.00
489.19	878.00
489.55	866.00
489.92	878.00
490.28	889.00
490.64	862.00
491.01	883.00
491.37	906.00
491.73	909.00
492.10	914.00
492.46	902.00
492.82	916.00
493.19	921.00
493.55	929.00
493.91	926.00
494.28	923.00
494.64	939.00
495.00	927.00
495.37	935.00
495.73	942.00
496.09	939.00
496.45	951.00
496.82	963.00
497.18	940.00
497.54	956.00
497.90	935.00
498.27	947.00
498.63	954.00
498.99	937.00
499.35	944.00
499.72	954.00
500.08	964.00
500.44	949.00
500.80	966.00
501.17	961.00
501.53	943.00
501.89	954.00
502.25	949.00
502.61	949.00
502.98	934.00
503.34	941.00
503.70	937.00
504.06	943.00
504.42	943.00
504.79	937.00
505.15	941.00
505.51	932.00
505.87	951.00
506.23	945.00
506.59	925.00
506.96	929.00
507.32	930.00
507.68	942.00
508.04	944.00
508.40	933.00
508.76	927.00
509.12	941.00
509.49	928.00
509.85	927.00
510.21	926.00
510.57	927.00
510.93	922.00
511.29	918.00
511.65	909.00
512.01	928.00
512.38	906.00
512.74	927.00
513.10	910.00
513.46	915.00
513.82	928.00
514.18	901.00
514.54	917.00
514.90	914.00
515.26	916.00
515.62	916.00
515.98	931.00
516.34	910.00
516.70	912.00
517.06	921.00
517.43	916.00
517.79	927.00
518.15	919.00
518.51	908.00
518.87	909.00
519.23	925.00
519.59	919.00
519.95	923.00
520.31	922.00
520.67	901.00
521.03	907.00
521.39	912.00
521.75	909.00
522.11	909.00
522.47	908.00
522.83	906.00
523.19	910.00
523.55	899.00
523.91	895.00
524.27	894.00
524.63	906.00
524.99	900.00
525.35	893.00
525.70	893.00
526.06	918.00
526.42	907.00
526.78	906.00
527.14	895.00
527.50	904.00
527.86	904.00
528.22	901.00
528.58	921.00
528.94	895.00
529.30	899.00
529.66	891.00
530.02	886.00
530.37	897.00
530.73	894.00
531.09	887.00
531.45	898.00
531.81	886.00
532.17	884.00
532.53	883.00
532.89	885.00
533.25	870.00
533.60	876.00
533.96	881.00
534.32	861.00
534.68	867.00
535.04	872.00
535.40	868.00
535.75	870.00
536.11	845.00
536.47	840.00
536.83	839.00
537.19	847.00
537.55	830.00
537.90	839.00
538.26	829.00
538.62	812.00
538.98	822.00
539.34	822.00
539.69	816.00
540.05	819.00
540.41	804.00
540.77	797.00
541.13	783.00
541.48	790.00
541.84	775.00
542.20	776.00
542.56	800.00
542.91	765.00
543.27	770.00
543.63	757.00
543.99	752.00
544.34	743.00
544.70	746.00
545.06	729.00
545.42	735.00
545.77	722.00
546.13	724.00
546.49	712.00
546.84	715.00
547.20	713.00
547.56	712.00
547.92	690.00
548.27	692.00
548.63	686.00
548.99	687.00
549.34	684.00
549.70	671.00
550.06	669.00
550.41	657.00
550.77	665.00
551.13	661.00
551.48	657.00
551.84	650.00
552.20	647.00
552.55	645.00
552.91	650.00
553.27	652.00
553.62	628.00
553.98	643.00
554.34	637.00
554.69	640.00
555.05	622.00
555.40	639.00
555.76	618.00
556.12	621.00
556.47	618.00
556.83	628.00
557.18	613.00
557.54	609.00
557.90	614.00
558.25	637.00
558.61	625.00
558.96	620.00
559.32	654.00
559.67	638.00
560.03	640.00
560.39	649.00
560.74	639.00
561.10	639.00
561.45	652.00
561.81	663.00
562.16	668.00
562.52	680.00
562.87	690.00
563.23	686.00
563.58	704.00
563.94	699.00
564.29	717.00
564.65	721.00
565.00	727.00
565.36	739.00
565.71	768.00
566.07	765.00
566.42	776.00
566.78	798.00
567.13	818.00
567.49	821.00
567.84	834.00
568.20	843.00
568.55	869.00
568.91	897.00
569.26	916.00
569.62	922.00
569.97	939.00
570.32	980.00
570.68	981.00
571.03	999.00
571.39	1030.00
571.74	1042.00
572.10	1056.00
572.45	1114.00
572.80	1136.00
573.16	1142.00
573.51	1184.00
573.87	1205.00
574.22	1226.00
574.57	1239.00
574.93	1295.00
575.28	1308.00
575.63	1347.00
575.99	1348.00
576.34	1404.00
576.70	1441.00
577.05	1460.00
577.40	1491.00
577.76	1510.00
578.11	1557.00
578.46	1567.00
578.82	1604.00
579.17	1632.00
579.52	1666.00
579.88	1699.00
580.23	1703.00
580.58	1757.00
580.94	1781.00
581.29	1778.00
581.64	1809.00
582.00	1863.00
582.35	1902.00
582.70	1921.00
583.05	1935.00
583.41	1969.00
583.76	1995.00
584.11	2032.00
584.47	2036.00
584.82	2039.00
585.17	2107.00
585.52	2086.00
585.88	2116.00
586.23	2170.00
586.58	2180.00
586.93	2205.00
587.29	2202.00
587.64	2212.00
587.99	2224.00
588.34	2257.00
588.69	2272.00
589.05	2281.00
589.40	2325.00
589.75	2327.00
590.10	2344.00
590.45	2373.00
590.81	2326.00
591.16	2354.00
591.51	2373.00
591.86	2345.00
592.21	2422.00
592.57	2386.00
592.92	2394.00
593.27	2443.00
593.62	2451.00
593.97	2481.00
594.32	2505.00
594.68	2460.00
595.03	2504.00
595.38	2510.00
595.73	2527.00
596.08	2502.00
596.43	2502.00
596.78	2539.00
597.13	2526.00
597.49	2541.00
597.84	2530.00
598.19	2557.00
598.54	2535.00
598.89	2566.00
599.24	2604.00
599.59	2546.00
599.94	2613.00
600.29	2593.00
600.64	2572.00
600.99	2568.00
601.35	2577.00
601.70	2610.00
602.05	2641.00
602.40	2642.00
602.75	2621.00
603.10	2600.00
603.45	2664.00
603.80	2704.00
604.15	2665.00
604.50	2659.00
604.85	2664.00
605.20	2701.00
605.55	2694.00
605.90	2656.00
606.25	2692.00
606.60	2719.00
606.95	2691.00
607.30	2707.00
607.65	2736.00
608.00	2733.00
608.35	2764.00
608.70	2752.00
609.05	2752.00
609.40	2747.00
609.75	2771.00
610.10	2774.00
610.45	2772.00
610.80	2802.00
611.15	2810.00
611.50	2855.00
611.84	2847.00
612.19	2802.00
612.54	2809.00
612.89	2825.00
613.24	2853.00
613.59	2853.00
613.94	2872.00
614.29	2868.00
614.64	2853.00
614.99	2854.00
615.34	2902.00
615.68	2881.00
616.03	2906.00
616.38	2920.00
616.73	2928.00
617.08	2945.00
617.43	2927.00
617.78	2973.00
618.13	2964.00
618.47	2957.00
618.82	2954.00
619.17	2975.00
619.52	2975.00
619.87	2988.00
620.22	2996.00
620.56	3019.00
620.91	3007.00
621.26	3061.00
621.61	3038.00
621.96	3020.00
622.30	3051.00
622.65	3078.00
623.00	3041.00
623.35	3071.00
623.70	3073.00
624.04	3091.00
624.39	3069.00
624.74	3085.00
625.09	3116.00
625.44	3108.00
625.78	3132.00
626.13	3114.00
626.48	3119.00
626.83	3136.00
627.17	3172.00
627.52	3159.00
627.87	3165.00
628.22	3186.00
628.56	3156.00
628.91	3186.00
629.26	3188.00
629.60	3198.00
629.95	3201.00
630.30	3182.00
630.64	3171.00
630.99	3214.00
631.34	3234.00
631.69	3228.00
632.03	3221.00
632.38	3208.00
632.73	3204.00
633.07	3246.00
633.42	3224.00
633.77	3242.00
634.11	3217.00
634.46	3237.00
634.81	3209.00
635.15	3271.00
635.50	3284.00
635.84	3210.00
636.19	3246.00
636.54	3258.00
636.88	3221.00
637.23	3254.00
637.58	3240.00
637.92	3233.00
638.27	3232.00
638.61	3257.00
638.96	3258.00
639.31	3209.00
639.65	3255.00
640.00	3237.00
640.34	3260.00
640.69	3225.00
641.03	3223.00
641.38	3255.00
641.73	3219.00
642.07	3202.00
642.42	3253.00
642.76	3228.00
643.11	3227.00
643.45	3215.00
643.80	3224.00
644.14	3234.00
644.49	3218.00
644.83	3217.00
645.18	3223.00
645.52	3212.00
645.87	3215.00
646.21	3192.00
646.56	3196.00
646.90	3217.00
647.25	3217.00
647.59	3212.00
647.94	3191.00
648.28	3202.00
648.63	3199.00
648.97	3190.00
649.32	3195.00
649.66	3177.00
650.01	3166.00
650.35	3173.00
650.69	3163.00
651.04	3168.00
651.38	3157.00
651.73	3213.00
652.07	3163.00
652.42	3191.00
652.76	3179.00
653.10	3142.00
653.45	3136.00
653.79	3170.00
654.14	3127.00
654.48	3136.00
654.82	3146.00
655.17	3140.00
655.51	3132.00
655.86	3142.00
656.20	3130.00
656.54	3119.00
656.89	3123.00
657.23	3128.00
657.57	3121.00
657.92	3134.00
658.26	3148.00
658.60	3158.00
658.95	3181.00
659.29	3126.00
659.63	3164.00
659.98	3120.00
660.32	3165.00
660.66	3102.00
661.01	3148.00
661.35	3132.00
661.69	3128.00
662.03	3132.00
662.38	3160.00
662.72	3133.00
663.06	3131.00
663.41	3163.00
663.75	3156.00
664.09	3160.00
664.43	3137.00
664.78	3152.00
665.12	3145.00
665.46	3149.00
665.80	3144.00
666.15	3155.00
666.49	3088.00
666.83	3119.00
667.17	3153.00
667.51	3151.00
667.86	3144.00
668.20	3145.00
668.54	3172.00
668.88	3164.00
669.23	3143.00
669.57	3139.00
669.91	3133.00
670.25	3140.00
670.59	3156.00
670.93	3136.00
671.28	3179.00
671.62	3173.00
671.96	3177.00
672.30	3154.00
672.64	3156.00
672.98	3163.00
673.33	3196.00
673.67	3153.00
674.01	3181.00
674.35	3164.00
674.69	3167.00
675.03	3193.00
675.37	3192.00
675.71	3163.00
676.05	3186.00
676.40	3162.00
676.74	3184.00
677.08	3177.00
677.42	3187.00
677.76	3220.00
678.10	3172.00
678.44	3187.00
678.78	3187.00
679.12	3177.00
679.46	3187.00
679.80	3208.00
680.14	3190.00
680.48	3233.00
680.82	3205.00
681.17	3219.00
681.51	3232.00
681.85	3192.00
682.19	3224.00
682.53	3177.00
682.87	3196.00
683.21	3243.00
683.55	3211.00
683.89	3215.00
684.23	3173.00
684.57	3184.00
684.91	3216.00
685.25	3221.00
685.59	3214.00
685.93	3199.00
686.26	3202.00
686.60	3230.00
686.94	3214.00
687.28	3180.00
687.62	3217.00
687.96	3213.00
688.30	3196.00
688.64	3238.00
688.98	3222.00
689.32	3217.00
689.66	3206.00
690.00	3217.00
690.34	3184.00
690.68	3200.00
691.02	3181.00
691.35	3176.00
691.69	3217.00
692.03	3185.00
692.37	3201.00
692.71	3187.00
693.05	3177.00
693.39	3178.00
693.73	3194.00
694.06	3148.00
694.40	3176.00
694.74	3164.00
695.08	3130.00
695.42	3134.00
695.76	3143.00
696.09	3160.00
696.43	3127.00
696.77	3124.00
697.11	3122.00
697.45	3105.00
697.79	3125.00
698.12	3122.00
698.46	3119.00
698.80	3115.00
699.14	3083.00
699.48	3089.00
699.81	3114.00
700.15	3089.00
700.49	3092.00
700.83	3075.00
701.16	3058.00
701.50	3048.00
701.84	3059.00
702.18	3017.00
702.51	3066.00
702.85	3017.00
703.19	3013.00
703.53	3021.00
703.86	3011.00
704.20	2958.00
704.54	2978.00
704.87	2983.00
705.21	2983.00
705.55	2970.00
705.89	2970.00
706.22	2991.00
706.56	2960.00
706.90	2944.00
707.23	2921.00
707.57	2897.00
707.91	2913.00
708.24	2921.00
708.58	2905.00
708.92	2901.00
709.25	2906.00
709.59	2857.00
709.93	2874.00
710.26	2880.00
710.60	2853.00
710.93	2852.00
711.27	2830.00
711.61	2851.00
711.94	2825.00
712.28	2819.00
712.61	2811.00
712.95	2847.00
713.29	2790.00
713.62	2798.00
713.96	2797.00
714.29	2772.00
714.63	2792.00
714.97	2759.00
715.30	2777.00
715.64	2760.00
715.97	2723.00
716.31	2734.00
716.64	2732.00
716.98	2721.00
717.31	2710.00
717.65	2719.00
717.98	2690.00
718.32	2690.00
718.66	2688.00
718.99	2696.00
719.33	2705.00
719.66	2677.00
720.00	2650.00
720.33	2636.00
720.66	2653.00
721.00	2662.00
721.33	2615.00
721.67	2624.00
722.00	2612.00
722.34	2624.00
722.67	2606.00
723.01	2600.00
723.34	2582.00
723.68	2597.00
724.01	2631.00
724.35	2606.00
724.68	2587.00
725.01	2593.00
725.35	2577.00
725.68	2558.00
726.02	2562.00
726.35	2551.00
726.68	2557.00
727.02	2540.00
727.35	2569.00
727.69	2563.00
728.02	2525.00
728.35	2563.00
728.69	2558.00
729.02	2551.00
729.35	2513.00
729.69	2546.00
730.02	2542.00
730.36	2530.00
730.69	2514.00
731.02	2575.00
731.36	2532.00
731.69	2549.00
732.02	2501.00
732.36	2530.00
732.69	2522.00
733.02	2524.00
733.35	2518.00
733.69	2504.00
734.02	2508.00
734.35	2510.00
734.69	2490.00
735.02	2509.00
735.35	2528.00
735.68	2518.00
736.02	2506.00
736.35	2499.00
736.68	2474.00
737.02	2504.00
737.35	2531.00
737.68	2501.00
738.01	2517.00
738.34	2488.00
738.68	2499.00
739.01	2469.00
739.34	2450.00
739.67	2478.00
740.01	2495.00
740.34	2490.00
740.67	2492.00
741.00	2482.00
741.33	2483.00
741.67	2482.00
742.00	2478.00
742.33	2473.00
742.66	2489.00
742.99	2498.00
743.32	2516.00
743.66	2493.00
743.99	2494.00
744.32	2490.00
744.65	2483.00
744.98	2468.00
745.31	2477.00
745.64	2471.00
745.97	2452.00
746.31	2473.00
746.64	2489.00
746.97	2453.00
747.30	2489.00
747.63	2467.00
747.96	2450.00
748.29	2487.00
748.62	2474.00
748.95	2463.00
749.28	2464.00
749.62	2472.00
749.95	2459.00
750.28	2458.00
750.61	2467.00
750.94	2460.00
751.27	2432.00
751.60	2456.00
751.93	2442.00
752.26	2447.00
752.59	2456.00
752.92	2456.00
753.25	2463.00
753.58	2468.00
753.91	2442.00
754.24	2456.00
754.57	2455.00
754.90	2444.00
755.23	2424.00
755.56	2439.00
755.89	2415.00
756.22	2436.00
756.55	2414.00
756.88	2454.00
757.21	2438.00
757.54	2416.00
757.87	2418.00
758.20	2428.00
758.52	2417.00
758.85	2400.00
759.18	2415.00
759.51	2413.00
759.84	2383.00
760.17	2385.00
760.50	2389.00
760.83	2401.00
761.16	2406.00
761.49	2382.00
761.82	2388.00
762.14	2377.00
762.47	2380.00
762.80	2366.00
763.13	2367.00
763.46	2376.00
763.79	2362.00
764.12	2353.00
764.45	2320.00
764.77	2338.00
765.10	2329.00
765.43	2358.00
765.76	2330.00
766.09	2355.00
766.41	2323.00
766.74	2326.00
767.07	2333.00
767.40	2318.00
767.73	2320.00
768.05	2328.00
768.38	2295.00
768.71	2281.00
769.04	2305.00
769.37	2323.00
769.69	2297.00
770.02	2278.00
770.35	2279.00
770.68	2299.00
771.00	2270.00
771.33	2257.00
771.66	2248.00
771.99	2248.00
772.31	2239.00
772.64	2238.00
772.97	2241.00
773.30	2223.00
773.62	2198.00
773.95	2227.00
774.28	2202.00
774.60	2174.00
774.93	2184.00
775.26	2204.00
775.58	2206.00
775.91	2177.00
776.24	2155.00
776.56	2172.00
776.89	2151.00
777.22	2154.00
777.54	2171.00
777.87	2138.00
778.20	2144.00
778.52	2132.00
778.85	2134.00
779.17	2115.00
779.50	2111.00
779.83	2119.00
780.15	2098.00
780.48	2117.00
780.81	2097.00
781.13	2077.00
781.46	2075.00
781.78	2096.00
782.11	2051.00
782.43	2062.00
782.76	2058.00
783.09	2044.00
783.41	2040.00
783.74	2049.00
784.06	2045.00
784.39	2016.00
784.71	2038.00
785.04	2008.00
785.36	1991.00
785.69	1984.00
786.01	1985.00
786.34	1994.00
786.66	1992.00
786.99	1935.00
787.31	1961.00
787.64	1964.00
787.96	1967.00
788.29	1941.00
788.61	1938.00
788.94	1940.00
789.26	1899.00
789.59	1912.00
789.91	1911.00
790.24	1909.00
790.56	1908.00
790.89	1905.00
791.21	1920.00
791.53	1905.00
791.86	1868.00
792.18	1851.00
792.51	1853.00
792.83	1866.00
793.16	1839.00
793.48	1819.00
793.80	1836.00
794.13	1823.00
794.45	1830.00
794.78	1834.00
795.10	1788.00
795.42	1812.00
795.75	1810.00
796.07	1789.00
796.39	1787.00
796.72	1767.00
797.04	1772.00
797.36	1785.00
797.69	1780.00
798.01	1746.00
798.33	1735.00
798.66	1751.00
798.98	1749.00
799.30	1731.00
799.63	1722.00
799.95	1725.00
800.27	1708.00
800.60	1697.00
800.92	1714.00
801.24	1710.00
801.56	1665.00
801.89	1692.00
802.21	1666.00
802.53	1671.00
802.85	1651.00
803.18	1650.00
803.50	1651.00
803.82	1658.00
804.14	1642.00
804.47	1655.00
804.79	1632.00
805.11	1630.00
805.43	1625.00
805.75	1603.00
806.08	1629.00
806.40	1614.00
806.72	1592.00
807.04	1599.00
807.36	1582.00
807.69	1612.00
808.01	1619.00
808.33	1596.00
808.65	1565.00
808.97	1580.00
809.29	1564.00
809.62	1579.00
809.94	1557.00
810.26	1557.00
810.58	1563.00
810.90	1540.00
811.22	1541.00
811.54	1527.00
811.87	1537.00
812.19	1538.00
812.51	1544.00
812.83	1535.00
813.15	1511.00
813.47	1546.00
813.79	1550.00
814.11	1533.00
814.43	1510.00
814.75	1481.00
815.07	1493.00
815.39	1497.00
815.71	1489.00
816.04	1519.00
816.36	1495.00
816.68	1519.00
817.00	1487.00
817.32	1513.00
817.64	1495.00
817.96	1485.00
818.28	1465.00
818.60	1488.00
818.92	1470.00
819.24	1458.00
819.56	1459.00
819.88	1479.00
820.20	1445.00
820.52	1454.00
820.84	1483.00
821.16	1462.00
821.47	1440.00
821.79	1450.00
822.11	1471.00
822.43	1458.00
822.75	1452.00
823.07	1446.00
823.39	1456.00
823.71	1449.00
824.03	1440.00
824.35	1433.00
824.67	1451.00
824.99	1438.00
825.31	1453.00
825.62	1450.00
825.94	1402.00
826.26	1429.00
826.58	1436.00
826.90	1414.00
827.22	1397.00
827.54	1410.00
827.86	1437.00
828.17	1422.00
828.49	1398.00
828.81	1413.00
829.13	1407.00
829.45	1407.00
829.77	1394.00
830.08	1401.00
830.40	1398.00
830.72	1411.00
831.04	1415.00
831.36	1395.00
831.67	1408.00
831.99	1380.00
832.31	1404.00
832.63	1406.00
832.95	1393.00
833.26	1401.00
833.58	1391.00
833.90	1377.00
834.22	1382.00
834.53	1370.00
834.85	1379.00
835.17	1388.00
835.48	1384.00
835.80	1381.00
836.12	1349.00
836.44	1382.00
836.75	1376.00
837.07	1380.00
837.39	1365.00
837.70	1388.00
838.02	1379.00
838.34	1382.00
838.65	1372.00
838.97	1382.00
839.29	1361.00
839.60	1357.00
839.92	1370.00
840.24	1363.00
840.55	1339.00
840.87	1353.00
841.19	1367.00
841.50	1364.00
841.82	1359.00
842.14	1370.00
842.45	1348.00
842.77	1368.00
843.08	1365.00
843.40	1356.00
843.72	1352.00
844.03	1362.00
844.35	1370.00
844.66	1357.00
844.98	1348.00
845.29	1349.00
845.61	1352.00
845.93	1328.00
846.24	1340.00
846.56	1345.00
846.87	1344.00
847.19	1337.00
847.50	1338.00
847.82	1328.00
848.13	1326.00
848.45	1327.00
848.76	1332.00
849.08	1344.00
849.39	1322.00
849.71	1339.00
850.02	1331.00
850.34	1341.00
850.65	1322.00
850.97	1314.00
851.28	1333.00
851.60	1331.00
851.91	1326.00
852.23	1317.00
852.54	1335.00
852.86	1310.00
853.17	1311.00
853.48	1311.00
853.80	1304.00
854.11	1291.00
854.43	1299.00
854.74	1302.00
855.05	1290.00
855.37	1288.00
855.68	1282.00
856.00	1296.00
856.31	1304.00
856.62	1292.00
856.94	1297.00
857.25	1289.00
857.56	1266.00
857.88	1276.00
858.19	1268.00
858.51	1273.00
858.82	1263.00
859.13	1265.00
859.45	1289.00
859.76	1242.00
860.07	1278.00
860.38	1258.00
860.70	1245.00
861.01	1241.00
861.32	1248.00
861.64	1230.00
861.95	1242.00
862.26	1239.00
862.58	1244.00
862.89	1235.00
863.20	1235.00
863.51	1213.00
863.83	1233.00
864.14	1222.00
864.45	1205.00
864.76	1231.00
865.08	1226.00
865.39	1219.00
865.70	1210.00
866.01	1185.00
866.32	1187.00
866.64	1177.00
866.95	1181.00
867.26	1179.00
867.57	1182.00
867.88	1170.00
868.20	1174.00
868.51	1159.00
868.82	1149.00
869.13	1175.00
869.44	1148.00
869.75	1146.00
870.07	1148.00
870.38	1160.00
870.69	1145.00
871.00	1133.00
871.31	1127.00
871.62	1135.00
871.93	1127.00
872.24	1126.00
872.55	1113.00
872.87	1090.00
873.18	1088.00
873.49	1081.00
873.80	1104.00
874.11	1092.00
874.42	1068.00
874.73	1061.00
875.04	1073.00
875.35	1060.00
875.66	1075.00
875.97	1040.00
876.28	1050.00
876.59	1054.00
876.90	1021.00
877.21	1035.00
877.52	1027.00
877.83	1022.00
878.14	1037.00
878.45	1018.00
878.76	1015.00
879.07	1017.00
879.38	1016.00
879.69	1002.00
880.00	1010.00
880.31	991.00
880.62	998.00
880.93	1005.00
881.24	995.00
881.55	998.00
881.86	975.00
882.17	969.00
882.48	977.00
882.79	965.00
883.10	969.00
883.41	973.00
883.72	959.00
884.03	965.00
884.33	966.00
884.64	976.00
884.95	947.00
885.26	942.00
885.57	945.00
885.88	946.00
886.19	950.00
886.50	935.00
886.80	950.00
887.11	939.00
887.42	943.00
887.73	942.00
888.04	931.00
888.35	926.00
888.65	918.00
888.96	920.00
889.27	911.00
889.58	919.00
889.89	910.00
890.19	883.00
890.50	894.00
890.81	898.00
891.12	895.00
891.43	909.00
891.73	907.00
892.04	890.00
892.35	901.00
892.66	896.00
892.96	892.00
893.27	905.00
893.58	891.00
893.89	874.00
894.19	889.00
894.50	874.00
894.81	901.00
895.11	901.00
895.42	890.00
895.73	872.00
896.03	885.00
896.34	875.00
896.65	870.00
896.96	866.00
897.26	861.00
897.57	859.00
897.88	860.00
898.18	866.00
898.49	870.00
898.79	856.00
899.10	852.00
899.41	851.00
899.71	844.00
900.02	846.00
900.33	855.00
900.63	825.00
900.94	855.00
901.24	832.00
901.55	835.00
901.86	836.00
902.16	830.00
902.47	828.00
902.77	827.00
903.08	838.00
903.38	852.00
903.69	822.00
904.00	831.00
904.30	817.00
904.61	815.00
904.91	815.00
905.22	832.00
905.52	814.00
905.83	817.00
906.13	821.00
906.44	799.00
906.74	820.00
907.05	829.00
907.35	797.00
907.66	806.00
907.96	813.00
908.27	821.00
908.57	797.00
908.88	790.00
909.18	801.00
909.48	801.00
909.79	800.00
910.09	786.00
910.40	785.00
910.70	789.00
911.01	783.00
911.31	781.00
911.61	782.00
911.92	783.00
912.22	790.00
912.53	769.00
912.83	759.00
913.13	768.00
913.44	755.00
913.74	788.00
914.04	773.00
914.35	759.00
914.65	773.00
914.96	751.00
915.26	759.00
915.56	756.00
915.87	754.00
916.17	736.00
916.47	756.00
916.78	740.00
917.08	754.00
917.38	747.00
917.68	748.00
917.99	736.00
918.29	734.00
918.59	736.00
918.90	716.00
919.20	731.00
919.50	723.00
919.80	736.00
920.11	731.00
920.41	742.00
920.71	729.00
921.01	710.00
921.32	720.00
921.62	717.00
921.92	718.00
922.22	717.00
922.52	704.00
922.83	686.00
923.13	705.00
923.43	707.00
923.73	698.00
924.03	689.00
924.34	683.00
924.64	678.00
924.94	685.00
925.24	693.00
925.54	671.00
925.84	669.00
926.15	675.00
926.45	666.00
926.75	663.00
927.05	656.00
927.35	673.00
927.65	667.00
927.95	665.00
928.25	648.00
928.55	669.00
928.86	643.00
929.16	644.00
929.46	638.00
929.76	635.00
930.06	659.00
930.36	627.00
930.66	631.00
930.96	625.00
931.26	622.00
931.56	627.00
931.86	626.00
932.16	625.00
932.46	609.00
932.76	622.00
933.06	601.00
933.36	602.00
933.66	599.00
933.96	598.00
934.26	583.00
934.56	584.00
934.86	580.00
935.16	571.00
935.46	558.00
935.76	549.00
936.06	557.00
936.36	549.00
936.66	545.00
936.96	526.00
937.26	523.00
937.56	513.00
937.86	521.00
938.16	513.00
938.45	503.00
938.75	492.00
939.05	484.00
939.35	477.00
939.65	476.00
939.95	476.00
940.25	465.00
940.55	449.00
940.85	462.00
941.14	460.00
941.44	477.00
941.74	455.00
942.04	447.00
942.34	447.00
942.64	446.00
942.93	445.00
943.23	441.00
943.53	442.00
943.83	445.00
944.13	438.00
944.42	439.00
944.72	433.00
945.02	429.00
945.32	434.00
945.62	431.00
945.91	432.00
946.21	432.00
946.51	440.00
946.81	428.00
947.10	442.00
947.40	426.00
947.70	444.00
948.00	431.00
948.29	428.00
948.59	436.00
948.89	437.00
949.18	439.00
949.48	438.00
949.78	438.00
950.08	436.00
950.37	440.00
950.67	439.00
950.97	439.00
951.26	441.00
951.56	447.00
951.86	446.00
952.15	448.00
952.45	446.00
952.74	442.00
953.04	449.00
953.34	447.00
953.63	455.00
953.93	449.00
954.23	441.00
954.52	443.00
954.82	446.00
955.11	440.00
955.41	449.00
955.71	440.00
956.00	449.00
956.30	450.00
956.59	451.00
956.89	451.00
957.18	449.00
957.48	446.00
957.77	449.00
958.07	444.00
958.36	445.00
958.66	451.00
958.96	443.00
959.25	456.00
959.55	452.00
959.84	441.00
960.14	452.00
960.43	442.00
960.73	451.00
961.02	457.00
961.31	450.00
961.61	453.00
961.90	442.00
962.20	448.00
962.49	452.00
962.79	445.00
963.08	450.00
963.38	448.00
963.67	444.00
963.96	441.00
964.26	446.00
964.55	452.00
964.85	440.00
965.14	445.00
965.43	441.00
965.73	443.00
966.02	450.00
966.32	442.00
966.61	433.00
966.90	450.00
967.20	445.00
967.49	442.00
967.78	439.00
968.08	435.00
968.37	440.00
968.66	442.00
968.96	427.00
969.25	436.00
969.54	435.00
969.84	443.00
970.13	432.00
970.42	436.00
970.71	426.00
971.01	431.00
971.30	430.00
971.59	433.00
971.89	440.00
972.18	431.00
972.47	434.00
972.76	432.00
973.06	429.00
973.35	429.00
973.64	430.00
973.93	420.00
974.22	422.00
974.52	424.00
974.81	411.00
975.10	426.00
975.39	409.00
975.68	418.00
975.98	419.00
976.27	414.00
976.56	416.00
976.85	419.00
977.14	420.00
977.43	430.00
977.73	415.00
978.02	414.00
978.31	416.00
978.60	409.00
978.89	414.00
979.18	402.00
979.47	410.00
979.76	407.00
980.05	408.00
980.35	415.00
980.64	406.00
980.93	409.00
981.22	409.00
981.51	401.00
981.80	408.00
982.09	409.00
982.38	398.00
982.67	401.00
982.96	395.00
983.25	401.00
983.54	392.00
983.83	399.00
984.12	392.00
984.41	401.00
984.70	396.00
984.99	395.00
985.28	388.00
985.57	385.00
985.86	398.00
986.15	388.00
986.44	392.00
986.73	390.00
987.02	389.00
987.31	394.00
987.60	389.00
987.89	381.00
988.18	376.00
988.47	374.00
988.76	377.00
989.05	383.00
989.34	376.00
989.62	378.00
989.91	369.00
990.20	383.00
990.49	372.00
990.78	370.00
991.07	368.00
991.36	370.00
991.65	367.00
991.93	367.00
992.22	372.00
992.51	363.00
992.80	361.00
993.09	371.00
993.38	365.00
993.66	365.00
993.95	364.00
994.24	360.00
994.53	362.00
994.82	370.00
995.11	358.00
995.39	354.00
995.68	355.00
995.97	350.00
996.26	358.00
996.54	356.00
996.83	350.00
997.12	356.00
997.41	357.00
997.69	347.00
997.98	343.00
998.27	344.00
998.56	351.00
998.84	340.00
999.13	345.00
999.42	341.00
999.70	339.00
999.99	341.00
1000.28	344.00
1000.56	338.00
1000.85	347.00
1001.14	335.00
1001.42	335.00
1001.71	339.00
1002.00	337.00
1002.28	342.00
1002.57	333.00
1002.86	328.00
1003.14	333.00
1003.43	329.00
1003.72	332.00
1004.00	330.00
1004.29	329.00
1004.57	325.00
1004.86	328.00
1005.15	326.00
1005.43	325.00
1005.72	323.00
1006.00	320.00
1006.29	322.00
1006.57	321.00
1006.86	323.00
1007.14	317.00
1007.43	313.00
1007.72	313.00
1008.00	318.00
1008.29	306.00
1008.57	321.00
1008.86	313.00
1009.14	306.00
1009.43	308.00
1009.71	310.00
1010.00	310.00
1010.28	307.00
1010.56	309.00
1010.85	302.00
1011.13	305.00
1011.42	302.00
1011.70	300.00
1011.99	300.00
1012.27	302.00
1012.56	297.00
1012.84	304.00
1013.12	297.00
1013.41	295.00
1013.69	294.00
1013.98	298.00
1014.26	297.00
1014.54	293.00
1014.83	294.00
1015.11	305.00
1015.40	292.00
1015.68	293.00
1015.96	287.00
1016.25	288.00
1016.53	291.00
1016.81	287.00
1017.10	292.00
1017.38	289.00
1017.66	293.00
1017.95	289.00
1018.23	286.00
1018.51	276.00
1018.80	282.00
1019.08	281.00
1019.36	283.00
1019.64	283.00
1019.93	280.00
1020.21	278.00
1020.49	279.00
1020.77	279.00
1021.06	281.00
1021.34	279.00
1021.62	281.00
1021.90	280.00
1022.19	279.00
1022.47	276.00
1022.75	273.00
1023.03	280.00
1023.31	272.00
1023.60	274.00
1023.88	271.00
1024.16	265.00
1024.44	269.00
1024.72	271.00
