340.06	0.00
340.44	206.00
340.81	209.00
341.19	212.00
341.57	207.00
341.95	211.00
342.32	209.00
342.70	212.00
343.08	213.00
343.46	217.00
343.84	211.00
344.21	212.00
344.59	219.00
344.97	222.00
345.35	216.00
345.72	219.00
346.10	216.00
346.48	219.00
346.86	216.00
347.23	212.00
347.61	222.00
347.99	216.00
348.37	217.00
348.74	216.00
349.12	217.00
349.50	218.00
349.88	223.00
350.25	217.00
350.63	222.00
351.01	223.00
351.38	218.00
351.76	216.00
352.14	222.00
352.52	221.00
352.89	217.00
353.27	218.00
353.65	222.00
354.02	220.00
354.40	217.00
354.78	218.00
355.15	221.00
355.53	218.00
355.91	221.00
356.28	217.00
356.66	222.00
357.04	222.00
357.41	221.00
357.79	223.00
358.17	223.00
358.54	218.00
358.92	224.00
359.30	227.00
359.67	226.00
360.05	218.00
360.42	218.00
360.80	222.00
361.18	218.00
361.55	221.00
361.93	223.00
362.31	218.00
362.68	221.00
363.06	223.00
363.43	225.00
363.81	221.00
364.19	218.00
364.56	218.00
364.94	224.00
365.31	219.00
365.69	227.00
366.06	224.00
366.44	218.00
366.82	220.00
367.19	227.00
367.57	224.00
367.94	222.00
368.32	219.00
368.69	221.00
369.07	225.00
369.45	215.00
369.82	218.00
370.20	223.00
370.57	223.00
370.95	221.00
371.32	225.00
371.70	222.00
372.07	220.00
372.45	222.00
372.82	225.00
373.20	223.00
373.57	222.00
373.95	225.00
374.32	222.00
374.70	224.00
375.07	223.00
375.45	218.00
375.82	225.00
376.20	224.00
376.57	224.00
376.95	226.00
377.32	227.00
377.70	224.00
378.07	229.00
378.45	225.00
378.82	224.00
379.19	228.00
379.57	224.00
379.94	223.00
380.32	221.00
380.69	229.00
381.07	227.00
381.44	227.00
381.82	232.00
382.19	226.00
382.56	228.00
382.94	232.00
383.31	227.00
383.69	229.00
384.06	222.00
384.43	225.00
384.81	225.00
385.18	226.00
385.56	230.00
385.93	227.00
386.30	231.00
386.68	227.00
387.05	227.00
387.43	230.00
387.80	232.00
388.17	228.00
388.55	223.00
388.92	229.00
389.29	226.00
389.67	234.00
390.04	229.00
390.41	231.00
390.79	232.00
391.16	234.00
391.54	233.00
391.91	235.00
392.28	234.00
392.66	238.00
393.03	228.00
393.40	230.00
393.77	233.00
394.15	234.00
394.52	234.00
394.89	238.00
395.27	227.00
395.64	229.00
396.01	232.00
396.39	224.00
396.76	235.00
397.13	231.00
397.50	234.00
397.88	235.00
398.25	228.00
398.62	230.00
399.00	239.00
399.37	237.00
399.74	230.00
400.11	240.00
400.49	235.00
400.86	232.00
401.23	236.00
401.60	243.00
401.98	237.00
402.35	232.00
402.72	238.00
403.09	234.00
403.46	234.00
403.84	234.00
404.21	237.00
404.58	237.00
404.95	239.00
405.33	237.00
405.70	237.00
406.07	238.00
406.44	237.00
406.81	238.00
407.19	237.00
407.56	243.00
407.93	237.00
408.30	236.00
408.67	238.00
409.04	239.00
409.42	238.00
409.79	240.00
410.16	234.00
410.53	237.00
410.90	235.00
411.27	240.00
411.64	243.00
412.02	236.00
412.39	246.00
412.76	244.00
413.13	243.00
413.50	248.00
413.87	241.00
414.24	241.00
414.62	242.00
414.99	244.00
415.36	242.00
415.73	242.00
416.10	244.00
416.47	247.00
416.84	246.00
417.21	242.00
417.58	252.00
417.95	248.00
418.32	238.00
418.70	247.00
419.07	246.00
419.44	246.00
419.81	247.00
420.18	251.00
420.55	250.00
420.92	244.00
421.29	252.00
421.66	248.00
422.03	249.00
422.40	247.00
422.77	244.00
423.14	248.00
423.51	248.00
423.88	246.00
424.25	248.00
424.62	244.00
424.99	253.00
425.36	251.00
425.73	246.00
426.10	247.00
426.47	246.00
426.84	254.00
427.21	252.00
427.58	252.00
427.95	255.00
428.32	253.00
428.69	255.00
429.06	251.00
429.43	251.00
429.80	249.00
430.17	253.00
430.54	258.00
430.91	256.00
431.28	258.00
431.65	255.00
432.02	258.00
432.39	257.00
432.76	256.00
433.13	258.00
433.50	269.00
433.87	264.00
434.23	259.00
434.60	258.00
434.97	268.00
435.34	270.00
435.71	263.00
436.08	263.00
436.45	267.00
436.82	271.00
437.19	268.00
437.56	270.00
437.92	273.00
438.29	272.00
438.66	272.00
439.03	264.00
439.40	274.00
439.77	274.00
440.14	275.00
440.51	271.00
440.87	274.00
441.24	273.00
441.61	281.00
441.98	276.00
442.35	274.00
442.72	276.00
443.08	287.00
443.45	280.00
443.82	282.00
444.19	279.00
444.56	286.00
444.93	280.00
445.29	282.00
445.66	278.00
446.03	282.00
446.40	281.00
446.77	285.00
447.13	282.00
447.50	279.00
447.87	293.00
448.24	289.00
448.60	293.00
448.97	294.00
449.34	296.00
449.71	294.00
450.08	292.00
450.44	290.00
450.81	304.00
451.18	297.00
451.55	295.00
451.91	297.00
452.28	304.00
452.65	299.00
453.02	306.00
453.38	300.00
453.75	306.00
454.12	298.00
454.48	305.00
454.85	310.00
455.22	312.00
455.59	302.00
455.95	314.00
456.32	325.00
456.69	313.00
457.05	325.00
457.42	320.00
457.79	325.00
458.15	327.00
458.52	329.00
458.89	329.00
459.25	324.00
459.62	334.00
459.99	348.00
460.35	345.00
460.72	357.00
461.09	341.00
461.45	346.00
461.82	362.00
462.19	355.00
462.55	358.00
462.92	358.00
463.28	370.00
463.65	364.00
464.02	372.00
464.38	373.00
464.75	370.00
465.12	378.00
465.48	373.00
465.85	385.00
466.21	385.00
466.58	391.00
466.95	402.00
467.31	381.00
467.68	389.00
468.04	400.00
468.41	402.00
468.77	405.00
469.14	411.00
469.51	414.00
469.87	421.00
470.24	426.00
470.60	424.00
470.97	429.00
471.33	438.00
471.70	438.00
472.06	430.00
472.43	443.00
472.79	444.00
473.16	453.00
473.52	448.00
473.89	449.00
474.25	454.00
474.62	463.00
474.98	471.00
475.35	477.00
475.71	485.00
476.08	478.00
476.44	493.00
476.81	490.00
477.17	500.00
477.54	498.00
477.90	521.00
478.27	506.00
478.63	522.00
479.00	533.00
479.36	528.00
479.73	530.00
480.09	544.00
480.46	543.00
480.82	547.00
481.18	565.00
481.55	562.00
481.91	578.00
482.28	574.00
482.64	589.00
483.01	593.00
483.37	591.00
483.73	606.00
484.10	615.00
484.46	615.00
484.83	626.00
485.19	640.00
485.55	631.00
485.92	646.00
486.28	656.00
486.65	656.00
487.01	665.00
487.37	653.00
487.74	687.00
488.10	684.00
488.46	680.00
488.83	712.00
489.19	696.00
489.55	705.00
489.92	715.00
490.28	727.00
490.64	731.00
491.01	743.00
491.37	737.00
491.73	757.00
492.10	768.00
492.46	748.00
492.82	769.00
493.19	759.00
493.55	776.00
493.91	784.00
494.28	783.00
494.64	790.00
495.00	798.00
495.37	815.00
495.73	809.00
496.09	801.00
496.45	835.00
496.82	830.00
497.18	829.00
497.54	833.00
497.90	822.00
498.27	858.00
498.63	850.00
498.99	840.00
499.35	865.00
499.72	842.00
500.08	855.00
500.44	874.00
500.80	857.00
501.17	873.00
501.53	861.00
501.89	869.00
502.25	886.00
502.61	879.00
502.98	879.00
503.34	879.00
503.70	890.00
504.06	880.00
504.42	880.00
504.79	875.00
505.15	886.00
505.51	882.00
505.87	891.00
506.23	891.00
506.59	903.00
506.96	897.00
507.32	903.00
507.68	914.00
508.04	903.00
508.40	909.00
508.76	906.00
509.12	921.00
509.49	903.00
509.85	903.00
510.21	915.00
510.57	904.00
510.93	914.00
511.29	918.00
511.65	916.00
512.01	925.00
512.38	924.00
512.74	931.00
513.10	922.00
513.46	911.00
513.82	933.00
514.18	910.00
514.54	913.00
514.90	933.00
515.26	930.00
515.62	920.00
515.98	938.00
516.34	930.00
516.70	929.00
517.06	934.00
517.43	945.00
517.79	951.00
518.15	949.00
518.51	947.00
518.87	953.00
519.23	944.00
519.59	959.00
519.95	955.00
520.31	942.00
520.67	954.00
521.03	946.00
521.39	969.00
521.75	967.00
522.11	982.00
522.47	942.00
522.83	962.00
523.19	970.00
523.55	967.00
523.91	978.00
524.27	971.00
524.63	978.00
524.99	965.00
525.35	958.00
525.70	964.00
526.06	978.00
526.42	967.00
526.78	980.00
527.14	971.00
527.50	967.00
527.86	986.00
528.22	981.00
528.58	973.00
528.94	981.00
529.30	982.00
529.66	973.00
530.02	989.00
530.37	967.00
530.73	975.00
531.09	977.00
531.45	980.00
531.81	971.00
532.17	993.00
532.53	979.00
532.89	969.00
533.25	963.00
533.60	957.00
533.96	957.00
534.32	956.00
534.68	972.00
535.04	986.00
535.40	963.00
535.75	951.00
536.11	959.00
536.47	955.00
536.83	959.00
537.19	954.00
537.55	947.00
537.90	941.00
538.26	930.00
538.62	931.00
538.98	925.00
539.34	932.00
539.69	915.00
540.05	914.00
540.41	921.00
540.77	914.00
541.13	891.00
541.48	881.00
541.84	883.00
542.20	893.00
542.56	898.00
542.91	878.00
543.27	877.00
543.63	862.00
543.99	857.00
544.34	840.00
544.70	864.00
545.06	852.00
545.42	849.00
545.77	837.00
546.13	833.00
546.49	831.00
546.84	820.00
547.20	816.00
547.56	817.00
547.92	798.00
548.27	794.00
548.63	810.00
548.99	807.00
549.34	784.00
549.70	783.00
550.06	778.00
550.41	782.00
550.77	771.00
551.13	790.00
551.48	763.00
551.84	754.00
552.20	765.00
552.55	765.00
552.91	759.00
553.27	759.00
553.62	748.00
553.98	752.00
554.34	754.00
554.69	746.00
555.05	734.00
555.40	748.00
555.76	749.00
556.12	744.00
556.47	747.00
556.83	749.00
557.18	739.00
557.54	731.00
557.90	738.00
558.25	738.00
558.61	764.00
558.96	751.00
559.32	749.00
559.67	771.00
560.03	765.00
560.39	761.00
560.74	767.00
561.10	790.00
561.45	769.00
561.81	793.00
562.16	787.00
562.52	791.00
562.87	807.00
563.23	808.00
563.58	824.00
563.94	830.00
564.29	845.00
564.65	839.00
565.00	861.00
565.36	854.00
565.71	877.00
566.07	879.00
566.42	909.00
566.78	931.00
567.13	963.00
567.49	953.00
567.84	976.00
568.20	985.00
568.55	1012.00
568.91	1037.00
569.26	1057.00
569.62	1057.00
569.97	1071.00
570.32	1107.00
570.68	1111.00
571.03	1132.00
571.39	1164.00
571.74	1175.00
572.10	1205.00
572.45	1245.00
572.80	1264.00
573.16	1292.00
573.51	1311.00
573.87	1343.00
574.22	1348.00
574.57	1380.00
574.93	1440.00
575.28	1436.00
575.63	1478.00
575.99	1501.00
576.34	1522.00
576.70	1547.00
577.05	1600.00
577.40	1630.00
577.76	1633.00
578.11	1683.00
578.46	1698.00
578.82	1724.00
579.17	1757.00
579.52	1795.00
579.88	1799.00
580.23	1822.00
580.58	1844.00
580.94	1881.00
581.29	1923.00
581.64	1925.00
582.00	1965.00
582.35	2005.00
582.70	2019.00
583.05	2026.00
583.41	2043.00
583.76	2044.00
584.11	2102.00
584.47	2099.00
584.82	2130.00
585.17	2156.00
585.52	2199.00
585.88	2194.00
586.23	2216.00
586.58	2237.00
586.93	2275.00
587.29	2249.00
587.64	2281.00
587.99	2299.00
588.34	2297.00
588.69	2328.00
589.05	2352.00
589.40	2339.00
589.75	2353.00
590.10	2366.00
590.45	2383.00
590.81	2391.00
591.16	2408.00
591.51	2425.00
591.86	2426.00
592.21	2442.00
592.57	2409.00
592.92	2417.00
593.27	2449.00
593.62	2472.00
593.97	2496.00
594.32	2482.00
594.68	2516.00
595.03	2506.00
595.38	2512.00
595.73	2526.00
596.08	2509.00
596.43	2552.00
596.78	2549.00
597.13	2541.00
597.49	2561.00
597.84	2514.00
598.19	2536.00
598.54	2534.00
598.89	2540.00
599.24	2601.00
599.59	2574.00
599.94	2623.00
600.29	2616.00
600.64	2598.00
600.99	2585.00
601.35	2571.00
601.70	2624.00
602.05	2640.00
602.40	2599.00
602.75	2621.00
603.10	2628.00
603.45	2645.00
603.80	2689.00
604.15	2678.00
604.50	2648.00
604.85	2665.00
605.20	2686.00
605.55	2685.00
605.90	2675.00
606.25	2711.00
606.60	2663.00
606.95	2711.00
607.30	2703.00
607.65	2720.00
608.00	2724.00
608.35	2716.00
608.70	2772.00
609.05	2748.00
609.40	2770.00
609.75	2729.00
610.10	2765.00
610.45	2764.00
610.80	2775.00
611.15	2775.00
611.50	2827.00
611.84	2781.00
612.19	2801.00
612.54	2797.00
612.89	2818.00
613.24	2835.00
613.59	2853.00
613.94	2824.00
614.29	2832.00
614.64	2852.00
614.99	2868.00
615.34	2879.00
615.68	2857.00
616.03	2894.00
616.38	2879.00
616.73	2917.00
617.08	2916.00
617.43	2925.00
617.78	2923.00
618.13	2959.00
618.47	2922.00
618.82	2942.00
619.17	2961.00
619.52	2945.00
619.87	2961.00
620.22	2977.00
620.56	2999.00
620.91	2974.00
621.26	3025.00
621.61	3014.00
621.96	3003.00
622.30	3027.00
622.65	3059.00
623.00	3037.00
623.35	3052.00
623.70	3035.00
624.04	3078.00
624.39	3063.00
624.74	3078.00
625.09	3059.00
625.44	3056.00
625.78	3076.00
626.13	3109.00
626.48	3100.00
626.83	3110.00
627.17	3137.00
627.52	3129.00
627.87	3137.00
628.22	3140.00
628.56	3116.00
628.91	3139.00
629.26	3132.00
629.60	3140.00
629.95	3178.00
630.30	3169.00
630.64	3190.00
630.99	3190.00
631.34	3187.00
631.69	3182.00
632.03	3182.00
632.38	3187.00
632.73	3172.00
633.07	3208.00
633.42	3213.00
633.77	3221.00
634.11	3198.00
634.46	3206.00
634.81	3186.00
635.15	3239.00
635.50	3200.00
635.84	3224.00
636.19	3210.00
636.54	3239.00
636.88	3198.00
637.23	3215.00
637.58	3209.00
637.92	3188.00
638.27	3210.00
638.61	3215.00
638.96	3228.00
639.31	3189.00
639.65	3176.00
640.00	3204.00
640.34	3227.00
640.69	3207.00
641.03	3199.00
641.38	3206.00
641.73	3208.00
642.07	3172.00
642.42	3212.00
642.76	3205.00
643.11	3209.00
643.45	3194.00
643.80	3177.00
644.14	3195.00
644.49	3179.00
644.83	3153.00
645.18	3200.00
645.52	3205.00
645.87	3189.00
646.21	3139.00
646.56	3147.00
646.90	3173.00
647.25	3183.00
647.59	3156.00
647.94	3202.00
648.28	3131.00
648.63	3172.00
648.97	3161.00
649.32	3165.00
649.66	3120.00
650.01	3100.00
650.35	3131.00
650.69	3127.00
651.04	3136.00
651.38	3110.00
651.73	3152.00
652.07	3145.00
652.42	3125.00
652.76	3109.00
653.10	3128.00
653.45	3108.00
653.79	3104.00
654.14	3090.00
654.48	3108.00
654.82	3101.00
655.17	3129.00
655.51	3095.00
655.86	3111.00
656.20	3110.00
656.54	3090.00
656.89	3112.00
657.23	3100.00
657.57	3073.00
657.92	3107.00
658.26	3090.00
658.60	3062.00
658.95	3109.00
659.29	3101.00
659.63	3097.00
659.98	3102.00
660.32	3104.00
660.66	3079.00
661.01	3096.00
661.35	3090.00
661.69	3108.00
662.03	3103.00
662.38	3091.00
662.72	3108.00
663.06	3084.00
663.41	3118.00
663.75	3113.00
664.09	3129.00
664.43	3111.00
664.78	3116.00
665.12	3112.00
665.46	3098.00
665.80	3115.00
666.15	3134.00
666.49	3113.00
666.83	3122.00
667.17	3108.00
667.51	3106.00
667.86	3123.00
668.20	3119.00
668.54	3107.00
668.88	3108.00
669.23	3100.00
669.57	3141.00
669.91	3096.00
670.25	3122.00
670.59	3107.00
670.93	3088.00
671.28	3127.00
671.62	3132.00
671.96	3124.00
672.30	3120.00
672.64	3116.00
672.98	3107.00
673.33	3166.00
673.67	3128.00
674.01	3160.00
674.35	3141.00
674.69	3137.00
675.03	3125.00
675.37	3136.00
675.71	3116.00
676.05	3175.00
676.40	3119.00
676.74	3170.00
677.08	3151.00
677.42	3131.00
677.76	3161.00
678.10	3134.00
678.44	3171.00
678.78	3166.00
679.12	3124.00
679.46	3149.00
679.80	3153.00
680.14	3150.00
680.48	3171.00
680.82	3156.00
681.17	3167.00
681.51	3170.00
681.85	3113.00
682.19	3170.00
682.53	3160.00
682.87	3180.00
683.21	3181.00
683.55	3122.00
683.89	3213.00
684.23	3156.00
684.57	3138.00
684.91	3155.00
685.25	3164.00
685.59	3158.00
685.93	3165.00
686.26	3162.00
686.60	3165.00
686.94	3159.00
687.28	3150.00
687.62	3175.00
687.96	3154.00
688.30	3150.00
688.64	3193.00
688.98	3152.00
689.32	3152.00
689.66	3152.00
690.00	3154.00
690.34	3131.00
690.68	3209.00
691.02	3131.00
691.35	3122.00
691.69	3153.00
692.03	3139.00
692.37	3128.00
692.71	3167.00
693.05	3133.00
693.39	3118.00
693.73	3140.00
694.06	3118.00
694.40	3101.00
694.74	3114.00
695.08	3088.00
695.42	3103.00
695.76	3090.00
696.09	3092.00
696.43	3085.00
696.77	3067.00
697.11	3061.00
697.45	3073.00
697.79	3027.00
698.12	3058.00
698.46	3048.00
698.80	3060.00
699.14	3052.00
699.48	3002.00
699.81	3061.00
700.15	3028.00
700.49	3015.00
700.83	3014.00
701.16	3007.00
701.50	3019.00
701.84	3011.00
702.18	3023.00
702.51	2982.00
702.85	2951.00
703.19	2972.00
703.53	2970.00
703.86	3001.00
704.20	2899.00
704.54	2940.00
704.87	2939.00
705.21	2950.00
705.55	2912.00
705.89	2886.00
706.22	2919.00
706.56	2899.00
706.90	2910.00
707.23	2876.00
707.57	2890.00
707.91	2854.00
708.24	2888.00
708.58	2851.00
708.92	2842.00
709.25	2868.00
709.59	2845.00
709.93	2862.00
710.26	2825.00
710.60	2807.00
710.93	2815.00
711.27	2815.00
711.61	2818.00
711.94	2789.00
712.28	2766.00
712.61	2777.00
712.95	2774.00
713.29	2722.00
713.62	2726.00
713.96	2752.00
714.29	2743.00
714.63	2734.00
714.97	2698.00
715.30	2700.00
715.64	2693.00
715.97	2702.00
716.31	2703.00
716.64	2682.00
716.98	2670.00
717.31	2641.00
717.65	2679.00
717.98	2642.00
718.32	2636.00
718.66	2639.00
718.99	2618.00
719.33	2645.00
719.66	2617.00
720.00	2623.00
720.33	2605.00
720.66	2602.00
721.00	2576.00
721.33	2552.00
721.67	2581.00
722.00	2536.00
722.34	2556.00
722.67	2552.00
723.01	2562.00
723.34	2562.00
723.68	2523.00
724.01	2543.00
724.35	2514.00
724.68	2528.00
725.01	2501.00
725.35	2528.00
725.68	2510.00
726.02	2540.00
726.35	2478.00
726.68	2493.00
727.02	2510.00
727.35	2493.00
727.69	2494.00
728.02	2461.00
728.35	2498.00
728.69	2485.00
729.02	2469.00
729.35	2456.00
729.69	2472.00
730.02	2458.00
730.36	2487.00
730.69	2488.00
731.02	2467.00
731.36	2451.00
731.69	2463.00
732.02	2474.00
732.36	2434.00
732.69	2446.00
733.02	2436.00
733.35	2461.00
733.69	2483.00
734.02	2439.00
734.35	2443.00
734.69	2460.00
735.02	2428.00
735.35	2431.00
735.68	2446.00
736.02	2423.00
736.35	2436.00
736.68	2426.00
737.02	2430.00
737.35	2441.00
737.68	2432.00
738.01	2434.00
738.34	2420.00
738.68	2428.00
739.01	2430.00
739.34	2419.00
739.67	2423.00
740.01	2431.00
740.34	2395.00
740.67	2426.00
741.00	2414.00
741.33	2386.00
741.67	2417.00
742.00	2419.00
742.33	2391.00
742.66	2404.00
742.99	2412.00
743.32	2406.00
743.66	2412.00
743.99	2408.00
744.32	2398.00
744.65	2425.00
744.98	2404.00
745.31	2414.00
745.64	2394.00
745.97	2378.00
746.31	2397.00
746.64	2412.00
746.97	2404.00
747.30	2393.00
747.63	2387.00
747.96	2360.00
748.29	2396.00
748.62	2400.00
748.95	2412.00
749.28	2405.00
749.62	2396.00
749.95	2366.00
750.28	2401.00
750.61	2396.00
750.94	2394.00
751.27	2356.00
751.60	2390.00
751.93	2395.00
752.26	2373.00
752.59	2370.00
752.92	2389.00
753.25	2345.00
753.58	2363.00
753.91	2358.00
754.24	2383.00
754.57	2362.00
754.90	2372.00
755.23	2348.00
755.56	2365.00
755.89	2344.00
756.22	2378.00
756.55	2331.00
756.88	2373.00
757.21	2358.00
757.54	2356.00
757.87	2351.00
758.20	2343.00
758.52	2349.00
758.85	2324.00
759.18	2337.00
759.51	2328.00
759.84	2310.00
760.17	2300.00
760.50	2330.00
760.83	2315.00
761.16	2310.00
761.49	2324.00
761.82	2305.00
762.14	2295.00
762.47	2301.00
762.80	2293.00
763.13	2299.00
763.46	2285.00
763.79	2327.00
764.12	2278.00
764.45	2278.00
764.77	2262.00
765.10	2281.00
765.43	2264.00
765.76	2273.00
766.09	2273.00
766.41	2273.00
766.74	2261.00
767.07	2262.00
767.40	2254.00
767.73	2259.00
768.05	2238.00
768.38	2226.00
768.71	2222.00
769.04	2228.00
769.37	2216.00
769.69	2196.00
770.02	2210.00
770.35	2227.00
770.68	2215.00
771.00	2198.00
771.33	2206.00
771.66	2183.00
771.99	2180.00
772.31	2182.00
772.64	2178.00
772.97	2170.00
773.30	2150.00
773.62	2133.00
773.95	2155.00
774.28	2145.00
774.60	2145.00
774.93	2133.00
775.26	2146.00
775.58	2142.00
775.91	2117.00
776.24	2107.00
776.56	2106.00
776.89	2096.00
777.22	2100.00
777.54	2096.00
777.87	2078.00
778.20	2055.00
778.52	2040.00
778.85	2061.00
779.17	2041.00
779.50	2032.00
779.83	2043.00
780.15	2041.00
780.48	2012.00
780.81	2024.00
781.13	2005.00
781.46	2014.00
781.78	2037.00
782.11	1991.00
782.43	1999.00
782.76	1992.00
783.09	1969.00
783.41	1972.00
783.74	1980.00
784.06	1978.00
784.39	1973.00
784.71	1946.00
785.04	1920.00
785.36	1929.00
785.69	1955.00
786.01	1943.00
786.34	1944.00
786.66	1930.00
786.99	1918.00
787.31	1917.00
787.64	1881.00
787.96	1911.00
788.29	1886.00
788.61	1890.00
788.94	1891.00
789.26	1866.00
789.59	1846.00
789.91	1856.00
790.24	1839.00
790.56	1870.00
790.89	1845.00
791.21	1836.00
791.53	1819.00
791.86	1809.00
792.18	1826.00
792.51	1773.00
792.83	1778.00
793.16	1774.00
793.48	1755.00
793.80	1794.00
794.13	1800.00
794.45	1776.00
794.78	1772.00
795.10	1749.00
795.42	1744.00
795.75	1766.00
796.07	1748.00
796.39	1723.00
796.72	1699.00
797.04	1730.00
797.36	1717.00
797.69	1736.00
798.01	1702.00
798.33	1676.00
798.66	1705.00
798.98	1696.00
799.30	1680.00
799.63	1656.00
799.95	1667.00
800.27	1638.00
800.60	1672.00
800.92	1679.00
801.24	1634.00
801.56	1637.00
801.89	1625.00
802.21	1639.00
802.53	1612.00
802.85	1597.00
803.18	1603.00
803.50	1612.00
803.82	1612.00
804.14	1577.00
804.47	1591.00
804.79	1593.00
805.11	1571.00
805.43	1567.00
805.75	1570.00
806.08	1582.00
806.40	1571.00
806.72	1551.00
807.04	1540.00
807.36	1546.00
807.69	1553.00
808.01	1555.00
808.33	1549.00
808.65	1532.00
808.97	1522.00
809.29	1531.00
809.62	1544.00
809.94	1499.00
810.26	1501.00
810.58	1503.00
810.90	1492.00
811.22	1495.00
811.54	1490.00
811.87	1509.00
812.19	1482.00
812.51	1516.00
812.83	1516.00
813.15	1467.00
813.47	1479.00
813.79	1486.00
814.11	1480.00
814.43	1488.00
814.75	1454.00
815.07	1445.00
815.39	1456.00
815.71	1444.00
816.04	1483.00
816.36	1447.00
816.68	1455.00
817.00	1442.00
817.32	1474.00
817.64	1423.00
817.96	1438.00
818.28	1407.00
818.60	1429.00
818.92	1433.00
819.24	1416.00
819.56	1416.00
819.88	1429.00
820.20	1401.00
820.52	1431.00
820.84	1427.00
821.16	1426.00
821.47	1409.00
821.79	1391.00
822.11	1410.00
822.43	1412.00
822.75	1385.00
823.07	1391.00
823.39	1414.00
823.71	1394.00
824.03	1385.00
824.35	1374.00
824.67	1398.00
824.99	1406.00
825.31	1398.00
825.62	1401.00
825.94	1371.00
826.26	1376.00
826.58	1392.00
826.90	1398.00
827.22	1352.00
827.54	1359.00
827.86	1378.00
828.17	1370.00
828.49	1374.00
828.81	1362.00
829.13	1365.00
829.45	1343.00
829.77	1369.00
830.08	1366.00
830.40	1336.00
830.72	1352.00
831.04	1369.00
831.36	1347.00
831.67	1352.00
831.99	1323.00
832.31	1356.00
832.63	1348.00
832.95	1347.00
833.26	1347.00
833.58	1337.00
833.90	1350.00
834.22	1331.00
834.53	1321.00
834.85	1329.00
835.17	1348.00
835.48	1344.00
835.80	1305.00
836.12	1303.00
836.44	1320.00
836.75	1326.00
837.07	1341.00
837.39	1329.00
837.70	1346.00
838.02	1339.00
838.34	1316.00
838.65	1309.00
838.97	1329.00
839.29	1327.00
839.60	1289.00
839.92	1323.00
840.24	1305.00
840.55	1292.00
840.87	1283.00
841.19	1296.00
841.50	1296.00
841.82	1300.00
842.14	1314.00
842.45	1289.00
842.77	1298.00
843.08	1292.00
843.40	1303.00
843.72	1295.00
844.03	1276.00
844.35	1281.00
844.66	1279.00
844.98	1292.00
845.29	1274.00
845.61	1289.00
845.93	1298.00
846.24	1287.00
846.56	1294.00
846.87	1278.00
847.19	1265.00
847.50	1257.00
847.82	1272.00
848.13	1285.00
848.45	1280.00
848.76	1278.00
849.08	1273.00
849.39	1281.00
849.71	1290.00
850.02	1281.00
850.34	1268.00
850.65	1260.00
850.97	1246.00
851.28	1276.00
851.60	1258.00
851.91	1270.00
852.23	1256.00
852.54	1259.00
852.86	1257.00
853.17	1260.00
853.48	1249.00
853.80	1234.00
854.11	1253.00
854.43	1239.00
854.74	1239.00
855.05	1239.00
855.37	1218.00
855.68	1237.00
856.00	1240.00
856.31	1245.00
856.62	1217.00
856.94	1230.00
857.25	1236.00
857.56	1206.00
857.88	1221.00
858.19	1230.00
858.51	1238.00
858.82	1219.00
859.13	1204.00
859.45	1204.00
859.76	1207.00
860.07	1208.00
860.38	1200.00
860.70	1202.00
861.01	1182.00
861.32	1206.00
861.64	1204.00
861.95	1190.00
862.26	1190.00
862.58	1178.00
862.89	1159.00
863.20	1177.00
863.51	1143.00
863.83	1166.00
864.14	1162.00
864.45	1158.00
864.76	1182.00
865.08	1163.00
865.39	1149.00
865.70	1176.00
866.01	1139.00
866.32	1123.00
866.64	1141.00
866.95	1145.00
867.26	1124.00
867.57	1129.00
867.88	1122.00
868.20	1103.00
868.51	1124.00
868.82	1118.00
869.13	1115.00
869.44	1104.00
869.75	1100.00
870.07	1094.00
870.38	1112.00
870.69	1099.00
871.00	1080.00
871.31	1082.00
871.62	1081.00
871.93	1074.00
872.24	1054.00
872.55	1068.00
872.87	1013.00
873.18	1052.00
873.49	1039.00
873.80	1048.00
874.11	1017.00
874.42	1030.00
874.73	1016.00
875.04	1012.00
875.35	1009.00
875.66	1029.00
875.97	1010.00
876.28	995.00
876.59	995.00
876.90	991.00
877.21	982.00
877.52	983.00
877.83	973.00
878.14	970.00
878.45	970.00
878.76	965.00
879.07	966.00
879.38	967.00
879.69	954.00
880.00	959.00
880.31	952.00
880.62	951.00
880.93	961.00
881.24	927.00
881.55	939.00
881.86	936.00
882.17	928.00
882.48	934.00
882.79	917.00
883.10	921.00
883.41	917.00
883.72	915.00
884.03	916.00
884.33	914.00
884.64	921.00
884.95	905.00
885.26	899.00
885.57	897.00
885.88	902.00
886.19	885.00
886.50	888.00
886.80	893.00
887.11	882.00
887.42	890.00
887.73	893.00
888.04	870.00
888.35	896.00
888.65	865.00
888.96	872.00
889.27	866.00
889.58	869.00
889.89	878.00
890.19	866.00
890.50	849.00
890.81	845.00
891.12	854.00
891.43	862.00
891.73	850.00
892.04	845.00
892.35	848.00
892.66	843.00
892.96	846.00
893.27	857.00
893.58	865.00
893.89	847.00
894.19	845.00
894.50	833.00
894.81	845.00
895.11	841.00
895.42	837.00
895.73	838.00
896.03	824.00
896.34	832.00
896.65	825.00
896.96	831.00
897.26	838.00
897.57	822.00
897.88	828.00
898.18	809.00
898.49	806.00
898.79	812.00
899.10	823.00
899.41	810.00
899.71	802.00
900.02	808.00
900.33	807.00
900.63	789.00
900.94	813.00
901.24	797.00
901.55	799.00
901.86	805.00
902.16	796.00
902.47	775.00
902.77	778.00
903.08	778.00
903.38	788.00
903.69	786.00
904.00	787.00
904.30	777.00
904.61	785.00
904.91	775.00
905.22	774.00
905.52	783.00
905.83	783.00
906.13	761.00
906.44	748.00
906.74	780.00
907.05	774.00
907.35	745.00
907.66	759.00
907.96	772.00
908.27	761.00
908.57	759.00
908.88	736.00
909.18	753.00
909.48	742.00
909.79	760.00
910.09	747.00
910.40	746.00
910.70	746.00
911.01	734.00
911.31	746.00
911.61	742.00
911.92	748.00
912.22	745.00
912.53	740.00
912.83	732.00
913.13	731.00
913.44	722.00
913.74	736.00
914.04	722.00
914.35	728.00
914.65	720.00
914.96	706.00
915.26	699.00
915.56	730.00
915.87	697.00
916.17	706.00
916.47	718.00
916.78	715.00
917.08	712.00
917.38	698.00
917.68	706.00
917.99	685.00
918.29	712.00
918.59	709.00
918.90	675.00
919.20	693.00
919.50	672.00
919.80	686.00
920.11	692.00
920.41	688.00
920.71	674.00
921.01	679.00
921.32	676.00
921.62	671.00
921.92	663.00
922.22	669.00
922.52	658.00
922.83	662.00
923.13	654.00
923.43	659.00
923.73	648.00
924.03	642.00
924.34	646.00
924.64	633.00
924.94	636.00
925.24	635.00
925.54	629.00
925.84	629.00
926.15	616.00
926.45	640.00
926.75	622.00
927.05	612.00
927.35	623.00
927.65	621.00
927.95	611.00
928.25	604.00
928.55	614.00
928.86	604.00
929.16	606.00
929.46	606.00
929.76	597.00
930.06	596.00
930.36	591.00
930.66	590.00
930.96	582.00
931.26	569.00
931.56	584.00
931.86	574.00
932.16	577.00
932.46	565.00
932.76	576.00
933.06	573.00
933.36	555.00
933.66	554.00
933.96	553.00
934.26	536.00
934.56	535.00
934.86	526.00
935.16	532.00
935.46	519.00
935.76	524.00
936.06	510.00
936.36	500.00
936.66	503.00
936.96	492.00
937.26	488.00
937.56	475.00
937.86	477.00
938.16	469.00
938.45	456.00
938.75	454.00
939.05	450.00
939.35	442.00
939.65	438.00
939.95	439.00
940.25	420.00
940.55	431.00
940.85	419.00
941.14	420.00
941.44	428.00
941.74	421.00
942.04	408.00
942.34	409.00
942.64	400.00
942.93	404.00
943.23	409.00
943.53	408.00
943.83	394.00
944.13	388.00
944.42	399.00
944.72	387.00
945.02	396.00
945.32	391.00
945.62	389.00
945.91	393.00
946.21	394.00
946.51	388.00
946.81	397.00
947.10	395.00
947.40	399.00
947.70	392.00
948.00	400.00
948.29	400.00
948.59	395.00
948.89	387.00
949.18	403.00
949.48	410.00
949.78	397.00
950.08	398.00
950.37	403.00
950.67	400.00
950.97	401.00
951.26	395.00
951.56	391.00
951.86	393.00
952.15	397.00
952.45	397.00
952.74	399.00
953.04	400.00
953.34	392.00
953.63	397.00
953.93	403.00
954.23	393.00
954.52	398.00
954.82	395.00
955.11	397.00
955.41	395.00
955.71	395.00
956.00	399.00
956.30	396.00
956.59	395.00
956.89	389.00
957.18	397.00
957.48	400.00
957.77	397.00
958.07	383.00
958.36	396.00
958.66	385.00
958.96	395.00
959.25	388.00
959.55	392.00
959.84	400.00
960.14	390.00
960.43	388.00
960.73	389.00
961.02	389.00
961.31	392.00
961.61	388.00
961.90	388.00
962.20	385.00
962.49	382.00
962.79	385.00
963.08	386.00
963.38	393.00
963.67	388.00
963.96	380.00
964.26	389.00
964.55	388.00
964.85	378.00
965.14	386.00
965.43	380.00
965.73	387.00
966.02	379.00
966.32	383.00
966.61	375.00
966.90	388.00
967.20	381.00
967.49	376.00
967.78	380.00
968.08	384.00
968.37	384.00
968.66	385.00
968.96	373.00
969.25	372.00
969.54	377.00
969.84	380.00
970.13	372.00
970.42	371.00
970.71	384.00
971.01	376.00
971.30	373.00
971.59	376.00
971.89	377.00
972.18	372.00
972.47	370.00
972.76	364.00
973.06	373.00
973.35	375.00
973.64	369.00
973.93	361.00
974.22	371.00
974.52	369.00
974.81	372.00
975.10	365.00
975.39	368.00
975.68	362.00
975.98	361.00
976.27	365.00
976.56	362.00
976.85	365.00
977.14	363.00
977.43	357.00
977.73	360.00
978.02	365.00
978.31	362.00
978.60	360.00
978.89	362.00
979.18	360.00
979.47	362.00
979.76	360.00
980.05	364.00
980.35	357.00
980.64	355.00
980.93	351.00
981.22	362.00
981.51	356.00
981.80	357.00
982.09	361.00
982.38	358.00
982.67	350.00
982.96	352.00
983.25	352.00
983.54	343.00
983.83	346.00
984.12	350.00
984.41	346.00
984.70	350.00
984.99	357.00
985.28	341.00
985.57	345.00
985.86	349.00
986.15	348.00
986.44	341.00
986.73	338.00
987.02	346.00
987.31	343.00
987.60	342.00
987.89	339.00
988.18	342.00
988.47	343.00
988.76	339.00
989.05	346.00
989.34	344.00
989.62	336.00
989.91	339.00
990.20	330.00
990.49	334.00
990.78	334.00
991.07	333.00
991.36	337.00
991.65	331.00
991.93	336.00
992.22	335.00
992.51	326.00
992.80	329.00
993.09	328.00
993.38	327.00
993.66	335.00
993.95	320.00
994.24	332.00
994.53	326.00
994.82	327.00
995.11	323.00
995.39	326.00
995.68	324.00
995.97	326.00
996.26	322.00
996.54	321.00
996.83	314.00
997.12	317.00
997.41	321.00
997.69	324.00
997.98	324.00
998.27	313.00
998.56	311.00
998.84	310.00
999.13	313.00
999.42	311.00
999.70	316.00
999.99	311.00
1000.28	310.00
1000.56	318.00
1000.85	312.00
1001.14	308.00
1001.42	309.00
1001.71	318.00
1002.00	306.00
1002.28	315.00
1002.57	312.00
1002.86	307.00
1003.14	309.00
1003.43	307.00
1003.72	306.00
1004.00	304.00
1004.29	299.00
1004.57	299.00
1004.86	304.00
1005.15	304.00
1005.43	300.00
1005.72	305.00
1006.00	301.00
1006.29	298.00
1006.57	301.00
1006.86	300.00
1007.14	297.00
1007.43	292.00
1007.72	292.00
1008.00	288.00
1008.29	300.00
1008.57	298.00
1008.86	295.00
1009.14	289.00
1009.43	295.00
1009.71	287.00
1010.00	287.00
1010.28	291.00
1010.56	294.00
1010.85	287.00
1011.13	287.00
1011.42	293.00
1011.70	290.00
1011.99	285.00
1012.27	281.00
1012.56	285.00
1012.84	287.00
1013.12	284.00
1013.41	280.00
1013.69	288.00
1013.98	281.00
1014.26	283.00
1014.54	281.00
1014.83	282.00
1015.11	281.00
1015.40	277.00
1015.68	278.00
1015.96	284.00
1016.25	277.00
1016.53	284.00
1016.81	275.00
1017.10	276.00
1017.38	276.00
1017.66	276.00
1017.95	276.00
1018.23	269.00
1018.51	275.00
1018.80	271.00
1019.08	271.00
1019.36	272.00
1019.64	272.00
1019.93	270.00
1020.21	269.00
1020.49	272.00
1020.77	269.00
1021.06	267.00
1021.34	267.00
1021.62	266.00
1021.90	266.00
1022.19	271.00
1022.47	274.00
1022.75	266.00
1023.03	258.00
1023.31	260.00
1023.60	267.00
1023.88	260.00
1024.16	265.00
1024.44	259.00
1024.72	261.00
