340.06	0.00
340.44	208.00
340.81	207.00
341.19	210.00
341.57	217.00
341.95	214.00
342.32	213.00
342.70	213.00
343.08	217.00
343.46	215.00
343.84	221.00
344.21	218.00
344.59	223.00
344.97	218.00
345.35	222.00
345.72	218.00
346.10	213.00
346.48	222.00
346.86	218.00
347.23	219.00
347.61	218.00
347.99	216.00
348.37	219.00
348.74	218.00
349.12	214.00
349.50	221.00
349.88	223.00
350.25	222.00
350.63	219.00
351.01	219.00
351.38	221.00
351.76	222.00
352.14	226.00
352.52	224.00
352.89	223.00
353.27	224.00
353.65	224.00
354.02	222.00
354.40	219.00
354.78	225.00
355.15	220.00
355.53	225.00
355.91	227.00
356.28	224.00
356.66	226.00
357.04	226.00
357.41	223.00
357.79	224.00
358.17	224.00
358.54	227.00
358.92	222.00
359.30	224.00
359.67	226.00
360.05	220.00
360.42	230.00
360.80	228.00
361.18	224.00
361.55	229.00
361.93	228.00
362.31	228.00
362.68	226.00
363.06	224.00
363.43	231.00
363.81	227.00
364.19	227.00
364.56	228.00
364.94	225.00
365.31	224.00
365.69	230.00
366.06	222.00
366.44	231.00
366.82	229.00
367.19	225.00
367.57	230.00
367.94	236.00
368.32	228.00
368.69	229.00
369.07	229.00
369.45	228.00
369.82	227.00
370.20	231.00
370.57	235.00
370.95	224.00
371.32	232.00
371.70	233.00
372.07	234.00
372.45	228.00
372.82	231.00
373.20	231.00
373.57	227.00
373.95	234.00
374.32	233.00
374.70	232.00
375.07	234.00
375.45	232.00
375.82	236.00
376.20	236.00
376.57	229.00
376.95	233.00
377.32	227.00
377.70	237.00
378.07	235.00
378.45	237.00
378.82	237.00
379.19	235.00
379.57	242.00
379.94	242.00
380.32	233.00
380.69	235.00
381.07	238.00
381.44	239.00
381.82	235.00
382.19	235.00
382.56	240.00
382.94	243.00
383.31	240.00
383.69	236.00
384.06	240.00
384.43	241.00
384.81	244.00
385.18	244.00
385.56	243.00
385.93	243.00
386.30	244.00
386.68	242.00
387.05	249.00
387.43	250.00
387.80	246.00
388.17	245.00
388.55	246.00
388.92	249.00
389.29	254.00
389.67	247.00
390.04	252.00
390.41	250.00
390.79	249.00
391.16	257.00
391.54	253.00
391.91	258.00
392.28	254.00
392.66	257.00
393.03	249.00
393.40	256.00
393.77	261.00
394.15	259.00
394.52	257.00
394.89	253.00
395.27	258.00
395.64	257.00
396.01	258.00
396.39	258.00
396.76	256.00
397.13	257.00
397.50	264.00
397.88	267.00
398.25	258.00
398.62	261.00
399.00	256.00
399.37	265.00
399.74	261.00
400.11	266.00
400.49	263.00
400.86	270.00
401.23	268.00
401.60	267.00
401.98	265.00
402.35	276.00
402.72	269.00
403.09	275.00
403.46	274.00
403.84	274.00
404.21	275.00
404.58	277.00
404.95	283.00
405.33	285.00
405.70	269.00
406.07	283.00
406.44	278.00
406.81	282.00
407.19	289.00
407.56	285.00
407.93	284.00
408.30	287.00
408.67	294.00
409.04	294.00
409.42	299.00
409.79	294.00
410.16	298.00
410.53	300.00
410.90	292.00
411.27	303.00
411.64	304.00
412.02	304.00
412.39	309.00
412.76	309.00
413.13	307.00
413.50	311.00
413.87	310.00
414.24	310.00
414.62	315.00
414.99	317.00
415.36	316.00
415.73	322.00
416.10	320.00
416.47	316.00
416.84	315.00
417.21	322.00
417.58	321.00
417.95	328.00
418.32	317.00
418.70	329.00
419.07	331.00
419.44	327.00
419.81	321.00
420.18	321.00
420.55	332.00
420.92	328.00
421.29	333.00
421.66	333.00
422.03	332.00
422.40	339.00
422.77	337.00
423.14	345.00
423.51	351.00
423.88	342.00
424.25	345.00
424.62	344.00
424.99	353.00
425.36	353.00
425.73	352.00
426.10	354.00
426.47	347.00
426.84	360.00
427.21	372.00
427.58	362.00
427.95	354.00
428.32	363.00
428.69	358.00
429.06	364.00
429.43	366.00
429.80	380.00
430.17	368.00
430.54	384.00
430.91	391.00
431.28	385.00
431.65	392.00
432.02	406.00
432.39	396.00
432.76	392.00
433.13	397.00
433.50	415.00
433.87	400.00
434.23	415.00
434.60	408.00
434.97	411.00
435.34	430.00
435.71	411.00
436.08	434.00
436.45	439.00
436.82	432.00
437.19	431.00
437.56	441.00
437.92	435.00
438.29	444.00
438.66	465.00
439.03	441.00
439.40	456.00
439.77	462.00
440.14	454.00
440.51	457.00
440.87	466.00
441.24	454.00
441.61	479.00
441.98	465.00
442.35	463.00
442.72	483.00
443.08	486.00
443.45	465.00
443.82	469.00
444.19	495.00
444.56	466.00
444.93	477.00
445.29	485.00
445.66	484.00
446.03	485.00
446.40	484.00
446.77	499.00
447.13	489.00
447.50	498.00
447.87	507.00
448.24	504.00
448.60	504.00
448.97	498.00
449.34	514.00
449.71	518.00
450.08	502.00
450.44	501.00
450.81	536.00
451.18	515.00
451.55	511.00
451.91	530.00
452.28	544.00
452.65	543.00
453.02	534.00
453.38	537.00
453.75	545.00
454.12	553.00
454.48	569.00
454.85	548.00
455.22	568.00
455.59	545.00
455.95	573.00
456.32	592.00
456.69	575.00
457.05	595.00
457.42	583.00
457.79	590.00
458.15	610.00
458.52	606.00
458.89	617.00
459.25	600.00
459.62	624.00
459.99	636.00
460.35	651.00
460.72	656.00
461.09	648.00
461.45	675.00
461.82	686.00
462.19	663.00
462.55	682.00
462.92	697.00
463.28	703.00
463.65	710.00
464.02	693.00
464.38	708.00
464.75	707.00
465.12	710.00
465.48	716.00
465.85	735.00
466.21	721.00
466.58	723.00
466.95	751.00
467.31	748.00
467.68	733.00
468.04	764.00
468.41	760.00
468.77	776.00
469.14	791.00
469.51	800.00
469.87	813.00
470.24	809.00
470.60	806.00
470.97	830.00
471.33	818.00
471.70	827.00
472.06	818.00
472.43	831.00
472.79	859.00
473.16	874.00
473.52	874.00
473.89	865.00
474.25	865.00
474.62	890.00
474.98	904.00
475.35	919.00
475.71	906.00
476.08	929.00
476.44	949.00
476.81	929.00
477.17	945.00
477.54	963.00
477.90	996.00
478.27	959.00
478.63	980.00
479.00	1026.00
479.36	1005.00
479.73	1023.00
480.09	1018.00
480.46	1030.00
480.82	1059.00
481.18	1058.00
481.55	1076.00
481.91	1080.00
482.28	1095.00
482.64	1121.00
483.01	1127.00
483.37	1127.00
483.73	1127.00
484.10	1183.00
484.46	1157.00
484.83	1174.00
485.19	1201.00
485.55	1188.00
485.92	1199.00
486.28	1248.00
486.65	1237.00
487.01	1241.00
487.37	1226.00
487.74	1281.00
488.10	1286.00
488.46	1272.00
488.83	1298.00
489.19	1322.00
489.55	1320.00
489.92	1326.00
490.28	1340.00
490.64	1349.00
491.01	1372.00
491.37	1391.00
491.73	1386.00
492.10	1411.00
492.46	1424.00
492.82	1445.00
493.19	1409.00
493.55	1444.00
493.91	1427.00
494.28	1440.00
494.64	1470.00
495.00	1475.00
495.37	1473.00
495.73	1476.00
496.09	1460.00
496.45	1475.00
496.82	1480.00
497.18	1504.00
497.54	1510.00
497.90	1526.00
498.27	1513.00
498.63	1531.00
498.99	1537.00
499.35	1545.00
499.72	1542.00
500.08	1549.00
500.44	1567.00
500.80	1552.00
501.17	1575.00
501.53	1576.00
501.89	1583.00
502.25	1590.00
502.61	1595.00
502.98	1576.00
503.34	1577.00
503.70	1600.00
504.06	1581.00
504.42	1590.00
504.79	1579.00
505.15	1614.00
505.51	1601.00
505.87	1624.00
506.23	1612.00
506.59	1629.00
506.96	1609.00
507.32	1622.00
507.68	1653.00
508.04	1628.00
508.40	1665.00
508.76	1648.00
509.12	1644.00
509.49	1657.00
509.85	1664.00
510.21	1676.00
510.57	1661.00
510.93	1661.00
511.29	1678.00
511.65	1674.00
512.01	1684.00
512.38	1693.00
512.74	1680.00
513.10	1708.00
513.46	1711.00
513.82	1689.00
514.18	1704.00
514.54	1703.00
514.90	1730.00
515.26	1750.00
515.62	1743.00
515.98	1752.00
516.34	1749.00
516.70	1768.00
517.06	1771.00
517.43	1776.00
517.79	1786.00
518.15	1784.00
518.51	1799.00
518.87	1819.00
519.23	1836.00
519.59	1843.00
519.95	1832.00
520.31	1830.00
520.67	1866.00
521.03	1867.00
521.39	1892.00
521.75	1906.00
522.11	1887.00
522.47	1894.00
522.83	1900.00
523.19	1908.00
523.55	1921.00
523.91	1917.00
524.27	1929.00
524.63	1931.00
524.99	1956.00
525.35	1959.00
525.70	1976.00
526.06	1983.00
526.42	1981.00
526.78	1997.00
527.14	2020.00
527.50	2004.00
527.86	2037.00
528.22	2042.00
528.58	2045.00
528.94	2057.00
529.30	2054.00
529.66	2058.00
530.02	2080.00
530.37	2081.00
530.73	2084.00
531.09	2118.00
531.45	2095.00
531.81	2119.00
532.17	2112.00
532.53	2106.00
532.89	2134.00
533.25	2132.00
533.60	2132.00
533.96	2134.00
534.32	2159.00
534.68	2170.00
535.04	2182.00
535.40	2167.00
535.75	2184.00
536.11	2178.00
536.47	2171.00
536.83	2170.00
537.19	2223.00
537.55	2178.00
537.90	2211.00
538.26	2209.00
538.62	2181.00
538.98	2188.00
539.34	2212.00
539.69	2237.00
540.05	2226.00
540.41	2248.00
540.77	2215.00
541.13	2226.00
541.48	2205.00
541.84	2238.00
542.20	2237.00
542.56	2279.00
542.91	2257.00
543.27	2265.00
543.63	2246.00
543.99	2232.00
544.34	2267.00
544.70	2267.00
545.06	2244.00
545.42	2273.00
545.77	2263.00
546.13	2255.00
546.49	2285.00
546.84	2302.00
547.20	2305.00
547.56	2304.00
547.92	2258.00
548.27	2277.00
548.63	2281.00
548.99	2305.00
549.34	2303.00
549.70	2324.00
550.06	2300.00
550.41	2322.00
550.77	2325.00
551.13	2320.00
551.48	2291.00
551.84	2315.00
552.20	2298.00
552.55	2321.00
552.91	2323.00
553.27	2349.00
553.62	2349.00
553.98	2351.00
554.34	2341.00
554.69	2358.00
555.05	2336.00
555.40	2368.00
555.76	2359.00
556.12	2390.00
556.47	2379.00
556.83	2367.00
557.18	2368.00
557.54	2354.00
557.90	2381.00
558.25	2426.00
558.61	2415.00
558.96	2426.00
559.32	2449.00
559.67	2455.00
560.03	2463.00
560.39	2439.00
560.74	2452.00
561.10	2480.00
561.45	2463.00
561.81	2478.00
562.16	2496.00
562.52	2494.00
562.87	2505.00
563.23	2501.00
563.58	2500.00
563.94	2496.00
564.29	2526.00
564.65	2520.00
565.00	2545.00
565.36	2538.00
565.71	2558.00
566.07	2569.00
566.42	2576.00
566.78	2600.00
567.13	2592.00
567.49	2590.00
567.84	2603.00
568.20	2633.00
568.55	2654.00
568.91	2654.00
569.26	2674.00
569.62	2674.00
569.97	2678.00
570.32	2701.00
570.68	2686.00
571.03	2689.00
571.39	2690.00
571.74	2701.00
572.10	2732.00
572.45	2761.00
572.80	2766.00
573.16	2747.00
573.51	2803.00
573.87	2790.00
574.22	2796.00
574.57	2805.00
574.93	2819.00
575.28	2840.00
575.63	2842.00
575.99	2827.00
576.34	2867.00
576.70	2856.00
577.05	2845.00
577.40	2875.00
577.76	2853.00
578.11	2908.00
578.46	2890.00
578.82	2908.00
579.17	2875.00
579.52	2896.00
579.88	2897.00
580.23	2915.00
580.58	2927.00
580.94	2913.00
581.29	2915.00
581.64	2904.00
582.00	2943.00
582.35	2945.00
582.70	2973.00
583.05	2954.00
583.41	2934.00
583.76	2932.00
584.11	2962.00
584.47	2965.00
584.82	2928.00
585.17	2984.00
585.52	2946.00
585.88	2981.00
586.23	2981.00
586.58	2981.00
586.93	2989.00
587.29	2939.00
587.64	2970.00
587.99	2976.00
588.34	2941.00
588.69	2969.00
589.05	2969.00
589.40	2990.00
589.75	2955.00
590.10	2952.00
590.45	2960.00
590.81	2994.00
591.16	2960.00
591.51	2937.00
591.86	2918.00
592.21	2949.00
592.57	2954.00
592.92	2920.00
593.27	2935.00
593.62	2951.00
593.97	2979.00
594.32	2963.00
594.68	2948.00
595.03	2958.00
595.38	2928.00
595.73	2965.00
596.08	2935.00
596.43	2926.00
596.78	2968.00
597.13	2951.00
597.49	2977.00
597.84	2908.00
598.19	2956.00
598.54	2921.00
598.89	2913.00
599.24	2962.00
599.59	2962.00
599.94	2953.00
600.29	2965.00
600.64	2962.00
600.99	2930.00
601.35	2923.00
601.70	2961.00
602.05	2964.00
602.40	2952.00
602.75	2938.00
603.10	2955.00
603.45	2975.00
603.80	3010.00
604.15	2978.00
604.50	2984.00
604.85	2988.00
605.20	2981.00
605.55	2971.00
605.90	2976.00
606.25	3005.00
606.60	3014.00
606.95	2969.00
607.30	3003.00
607.65	3027.00
608.00	2996.00
608.35	3042.00
608.70	3083.00
609.05	3053.00
609.40	3054.00
609.75	3012.00
610.10	3063.00
610.45	3039.00
610.80	3068.00
611.15	3062.00
611.50	3104.00
611.84	3062.00
612.19	3096.00
612.54	3086.00
612.89	3131.00
613.24	3118.00
613.59	3104.00
613.94	3121.00
614.29	3145.00
614.64	3109.00
614.99	3109.00
615.34	3144.00
615.68	3146.00
616.03	3206.00
616.38	3181.00
616.73	3195.00
617.08	3166.00
617.43	3189.00
617.78	3229.00
618.13	3219.00
618.47	3217.00
618.82	3234.00
619.17	3236.00
619.52	3230.00
619.87	3275.00
620.22	3236.00
620.56	3276.00
620.91	3261.00
621.26	3250.00
621.61	3281.00
621.96	3314.00
622.30	3315.00
622.65	3301.00
623.00	3288.00
623.35	3329.00
623.70	3328.00
624.04	3346.00
624.39	3330.00
624.74	3369.00
625.09	3356.00
625.44	3314.00
625.78	3380.00
626.13	3378.00
626.48	3386.00
626.83	3387.00
627.17	3397.00
627.52	3427.00
627.87	3422.00
628.22	3428.00
628.56	3423.00
628.91	3448.00
629.26	3437.00
629.60	3410.00
629.95	3408.00
630.30	3456.00
630.64	3454.00
630.99	3460.00
631.34	3459.00
631.69	3465.00
632.03	3468.00
632.38	3472.00
632.73	3476.00
633.07	3484.00
633.42	3479.00
633.77	3481.00
634.11	3498.00
634.46	3506.00
634.81	3444.00
635.15	3514.00
635.50	3495.00
635.84	3481.00
636.19	3488.00
636.54	3495.00
636.88	3459.00
637.23	3494.00
637.58	3504.00
637.92	3476.00
638.27	3473.00
638.61	3469.00
638.96	3508.00
639.31	3455.00
639.65	3469.00
640.00	3475.00
640.34	3503.00
640.69	3479.00
641.03	3453.00
641.38	3485.00
641.73	3464.00
642.07	3469.00
642.42	3486.00
642.76	3473.00
643.11	3477.00
643.45	3434.00
643.80	3460.00
644.14	3471.00
644.49	3461.00
644.83	3428.00
645.18	3482.00
645.52	3459.00
645.87	3428.00
646.21	3435.00
646.56	3426.00
646.90	3426.00
647.25	3486.00
647.59	3426.00
647.94	3466.00
648.28	3433.00
648.63	3429.00
648.97	3414.00
649.32	3407.00
649.66	3388.00
650.01	3382.00
650.35	3420.00
650.69	3376.00
651.04	3426.00
651.38	3379.00
651.73	3414.00
652.07	3381.00
652.42	3389.00
652.76	3389.00
653.10	3377.00
653.45	3417.00
653.79	3376.00
654.14	3389.00
654.48	3367.00
654.82	3377.00
655.17	3407.00
655.51	3379.00
655.86	3379.00
656.20	3388.00
656.54	3336.00
656.89	3383.00
657.23	3369.00
657.57	3348.00
657.92	3356.00
658.26	3382.00
658.60	3336.00
658.95	3367.00
659.29	3349.00
659.63	3368.00
659.98	3364.00
660.32	3355.00
660.66	3343.00
661.01	3363.00
661.35	3349.00
661.69	3376.00
662.03	3352.00
662.38	3353.00
662.72	3353.00
663.06	3373.00
663.41	3348.00
663.75	3362.00
664.09	3364.00
664.43	3349.00
664.78	3368.00
665.12	3368.00
665.46	3350.00
665.80	3352.00
666.15	3386.00
666.49	3358.00
666.83	3325.00
667.17	3352.00
667.51	3368.00
667.86	3389.00
668.20	3368.00
668.54	3369.00
668.88	3353.00
669.23	3357.00
669.57	3387.00
669.91	3366.00
670.25	3368.00
670.59	3400.00
670.93	3367.00
671.28	3377.00
671.62	3390.00
671.96	3379.00
672.30	3400.00
672.64	3403.00
672.98	3392.00
673.33	3415.00
673.67	3392.00
674.01	3398.00
674.35	3384.00
674.69	3394.00
675.03	3386.00
675.37	3395.00
675.71	3405.00
676.05	3434.00
676.40	3367.00
676.74	3413.00
677.08	3399.00
677.42	3425.00
677.76	3431.00
678.10	3426.00
678.44	3423.00
678.78	3416.00
679.12	3408.00
679.46	3427.00
679.80	3394.00
680.14	3406.00
680.48	3474.00
680.82	3446.00
681.17	3426.00
681.51	3411.00
681.85	3414.00
682.19	3439.00
682.53	3439.00
682.87	3429.00
683.21	3458.00
683.55	3426.00
683.89	3458.00
684.23	3458.00
684.57	3425.00
684.91	3419.00
685.25	3449.00
685.59	3428.00
685.93	3422.00
686.26	3427.00
686.60	3451.00
686.94	3450.00
687.28	3430.00
687.62	3423.00
687.96	3435.00
688.30	3438.00
688.64	3423.00
688.98	3416.00
689.32	3411.00
689.66	3435.00
690.00	3415.00
690.34	3406.00
690.68	3445.00
691.02	3432.00
691.35	3400.00
691.69	3402.00
692.03	3384.00
692.37	3404.00
692.71	3411.00
693.05	3363.00
693.39	3402.00
693.73	3391.00
694.06	3367.00
694.40	3377.00
694.74	3338.00
695.08	3348.00
695.42	3365.00
695.76	3368.00
696.09	3335.00
696.43	3356.00
696.77	3309.00
697.11	3320.00
697.45	3355.00
697.79	3318.00
698.12	3320.00
698.46	3312.00
698.80	3326.00
699.14	3267.00
699.48	3304.00
699.81	3328.00
700.15	3271.00
700.49	3271.00
700.83	3263.00
701.16	3281.00
701.50	3288.00
701.84	3271.00
702.18	3258.00
702.51	3236.00
702.85	3220.00
703.19	3206.00
703.53	3229.00
703.86	3216.00
704.20	3185.00
704.54	3202.00
704.87	3174.00
705.21	3174.00
705.55	3173.00
705.89	3175.00
706.22	3182.00
706.56	3165.00
706.90	3143.00
707.23	3121.00
707.57	3141.00
707.91	3127.00
708.24	3107.00
708.58	3118.00
708.92	3080.00
709.25	3117.00
709.59	3088.00
709.93	3072.00
710.26	3090.00
710.60	3042.00
710.93	3078.00
711.27	3084.00
711.61	3014.00
711.94	3024.00
712.28	3001.00
712.61	2998.00
712.95	3016.00
713.29	2969.00
713.62	2965.00
713.96	2987.00
714.29	2980.00
714.63	2971.00
714.97	2934.00
715.30	2941.00
715.64	2930.00
715.97	2944.00
716.31	2946.00
716.64	2937.00
716.98	2926.00
717.31	2881.00
717.65	2914.00
717.98	2889.00
718.32	2855.00
718.66	2872.00
718.99	2839.00
719.33	2888.00
719.66	2852.00
720.00	2833.00
720.33	2816.00
720.66	2818.00
721.00	2802.00
721.33	2809.00
721.67	2809.00
722.00	2776.00
722.34	2778.00
722.67	2765.00
723.01	2761.00
723.34	2783.00
723.68	2727.00
724.01	2782.00
724.35	2768.00
724.68	2731.00
725.01	2713.00
725.35	2737.00
725.68	2727.00
726.02	2761.00
726.35	2722.00
726.68	2720.00
727.02	2750.00
727.35	2684.00
727.69	2728.00
728.02	2654.00
728.35	2713.00
728.69	2691.00
729.02	2720.00
729.35	2686.00
729.69	2696.00
730.02	2704.00
730.36	2717.00
730.69	2667.00
731.02	2700.00
731.36	2705.00
731.69	2680.00
732.02	2672.00
732.36	2689.00
732.69	2674.00
733.02	2678.00
733.35	2691.00
733.69	2673.00
734.02	2652.00
734.35	2650.00
734.69	2650.00
735.02	2670.00
735.35	2676.00
735.68	2689.00
736.02	2654.00
736.35	2654.00
736.68	2672.00
737.02	2655.00
737.35	2653.00
737.68	2635.00
738.01	2665.00
738.34	2640.00
738.68	2642.00
739.01	2644.00
739.34	2661.00
739.67	2652.00
740.01	2669.00
740.34	2656.00
740.67	2639.00
741.00	2644.00
741.33	2654.00
741.67	2626.00
742.00	2644.00
742.33	2646.00
742.66	2635.00
742.99	2634.00
743.32	2619.00
743.66	2617.00
743.99	2611.00
744.32	2626.00
744.65	2632.00
744.98	2637.00
745.31	2633.00
745.64	2618.00
745.97	2596.00
746.31	2631.00
746.64	2633.00
746.97	2614.00
747.30	2650.00
747.63	2613.00
747.96	2593.00
748.29	2619.00
748.62	2625.00
748.95	2615.00
749.28	2609.00
749.62	2617.00
749.95	2588.00
750.28	2615.00
750.61	2604.00
750.94	2611.00
751.27	2587.00
751.60	2602.00
751.93	2637.00
752.26	2600.00
752.59	2609.00
752.92	2610.00
753.25	2602.00
753.58	2601.00
753.91	2584.00
754.24	2598.00
754.57	2615.00
754.90	2604.00
755.23	2598.00
755.56	2581.00
755.89	2577.00
756.22	2595.00
756.55	2602.00
756.88	2559.00
757.21	2563.00
757.54	2579.00
757.87	2567.00
758.20	2572.00
758.52	2601.00
758.85	2577.00
759.18	2562.00
759.51	2581.00
759.84	2544.00
760.17	2532.00
760.50	2544.00
760.83	2544.00
761.16	2513.00
761.49	2540.00
761.82	2530.00
762.14	2500.00
762.47	2531.00
762.80	2507.00
763.13	2535.00
763.46	2508.00
763.79	2538.00
764.12	2502.00
764.45	2474.00
764.77	2490.00
765.10	2493.00
765.43	2492.00
765.76	2482.00
766.09	2468.00
766.41	2468.00
766.74	2462.00
767.07	2481.00
767.40	2440.00
767.73	2460.00
768.05	2455.00
768.38	2441.00
768.71	2422.00
769.04	2425.00
769.37	2447.00
769.69	2431.00
770.02	2423.00
770.35	2411.00
770.68	2397.00
771.00	2415.00
771.33	2382.00
771.66	2367.00
771.99	2375.00
772.31	2402.00
772.64	2354.00
772.97	2369.00
773.30	2352.00
773.62	2357.00
773.95	2341.00
774.28	2341.00
774.60	2323.00
774.93	2310.00
775.26	2337.00
775.58	2330.00
775.91	2325.00
776.24	2295.00
776.56	2268.00
776.89	2290.00
777.22	2269.00
777.54	2284.00
777.87	2277.00
778.20	2258.00
778.52	2257.00
778.85	2246.00
779.17	2239.00
779.50	2235.00
779.83	2221.00
780.15	2203.00
780.48	2223.00
780.81	2255.00
781.13	2198.00
781.46	2191.00
781.78	2221.00
782.11	2165.00
782.43	2146.00
782.76	2192.00
783.09	2177.00
783.41	2175.00
783.74	2162.00
784.06	2141.00
784.39	2134.00
784.71	2155.00
785.04	2113.00
785.36	2128.00
785.69	2093.00
786.01	2102.00
786.34	2124.00
786.66	2106.00
786.99	2048.00
787.31	2075.00
787.64	2065.00
787.96	2076.00
788.29	2071.00
788.61	2071.00
788.94	2054.00
789.26	2030.00
789.59	2020.00
789.91	2007.00
790.24	2007.00
790.56	2040.00
790.89	2025.00
791.21	1990.00
791.53	2010.00
791.86	1954.00
792.18	1970.00
792.51	1947.00
792.83	1951.00
793.16	1941.00
793.48	1930.00
793.80	1921.00
794.13	1949.00
794.45	1939.00
794.78	1938.00
795.10	1910.00
795.42	1893.00
795.75	1910.00
796.07	1877.00
796.39	1867.00
796.72	1864.00
797.04	1884.00
797.36	1885.00
797.69	1861.00
798.01	1848.00
798.33	1851.00
798.66	1838.00
798.98	1829.00
799.30	1844.00
799.63	1822.00
799.95	1814.00
800.27	1793.00
800.60	1812.00
800.92	1819.00
801.24	1786.00
801.56	1787.00
801.89	1767.00
802.21	1762.00
802.53	1761.00
802.85	1752.00
803.18	1752.00
803.50	1742.00
803.82	1740.00
804.14	1718.00
804.47	1732.00
804.79	1732.00
805.11	1735.00
805.43	1701.00
805.75	1705.00
806.08	1718.00
806.40	1711.00
806.72	1693.00
807.04	1664.00
807.36	1652.00
807.69	1654.00
808.01	1682.00
808.33	1685.00
808.65	1676.00
808.97	1657.00
809.29	1663.00
809.62	1658.00
809.94	1653.00
810.26	1641.00
810.58	1640.00
810.90	1621.00
811.22	1627.00
811.54	1647.00
811.87	1637.00
812.19	1629.00
812.51	1625.00
812.83	1628.00
813.15	1597.00
813.47	1623.00
813.79	1621.00
814.11	1620.00
814.43	1594.00
814.75	1581.00
815.07	1576.00
815.39	1586.00
815.71	1580.00
816.04	1607.00
816.36	1574.00
816.68	1593.00
817.00	1586.00
817.32	1587.00
817.64	1568.00
817.96	1570.00
818.28	1511.00
818.60	1558.00
818.92	1537.00
819.24	1537.00
819.56	1526.00
819.88	1544.00
820.20	1523.00
820.52	1552.00
820.84	1561.00
821.16	1553.00
821.47	1528.00
821.79	1522.00
822.11	1539.00
822.43	1512.00
822.75	1519.00
823.07	1525.00
823.39	1530.00
823.71	1513.00
824.03	1514.00
824.35	1501.00
824.67	1542.00
824.99	1517.00
825.31	1535.00
825.62	1525.00
825.94	1499.00
826.26	1515.00
826.58	1513.00
826.90	1512.00
827.22	1487.00
827.54	1513.00
827.86	1494.00
828.17	1495.00
828.49	1483.00
828.81	1501.00
829.13	1493.00
829.45	1469.00
829.77	1488.00
830.08	1476.00
830.40	1490.00
830.72	1491.00
831.04	1484.00
831.36	1480.00
831.67	1464.00
831.99	1453.00
832.31	1473.00
832.63	1494.00
832.95	1471.00
833.26	1462.00
833.58	1483.00
833.90	1464.00
834.22	1465.00
834.53	1449.00
834.85	1451.00
835.17	1458.00
835.48	1454.00
835.80	1456.00
836.12	1434.00
836.44	1445.00
836.75	1439.00
837.07	1467.00
837.39	1456.00
837.70	1473.00
838.02	1488.00
838.34	1459.00
838.65	1443.00
838.97	1459.00
839.29	1433.00
839.60	1439.00
839.92	1446.00
840.24	1434.00
840.55	1427.00
840.87	1427.00
841.19	1418.00
841.50	1429.00
841.82	1432.00
842.14	1435.00
842.45	1413.00
842.77	1427.00
843.08	1441.00
843.40	1417.00
843.72	1421.00
844.03	1415.00
844.35	1418.00
844.66	1424.00
844.98	1411.00
845.29	1417.00
845.61	1429.00
845.93	1438.00
846.24	1419.00
846.56	1406.00
846.87	1428.00
847.19	1417.00
847.50	1404.00
847.82	1401.00
848.13	1415.00
848.45	1384.00
848.76	1394.00
849.08	1415.00
849.39	1400.00
849.71	1391.00
850.02	1396.00
850.34	1411.00
850.65	1380.00
850.97	1382.00
851.28	1387.00
851.60	1394.00
851.91	1388.00
852.23	1373.00
852.54	1382.00
852.86	1363.00
853.17	1386.00
853.48	1375.00
853.80	1369.00
854.11	1377.00
854.43	1377.00
854.74	1361.00
855.05	1359.00
855.37	1346.00
855.68	1351.00
856.00	1359.00
856.31	1342.00
856.62	1357.00
856.94	1358.00
857.25	1365.00
857.56	1322.00
857.88	1328.00
858.19	1334.00
858.51	1357.00
858.82	1315.00
859.13	1333.00
859.45	1345.00
859.76	1331.00
860.07	1306.00
860.38	1335.00
860.70	1311.00
861.01	1305.00
861.32	1319.00
861.64	1328.00
861.95	1308.00
862.26	1298.00
862.58	1310.00
862.89	1278.00
863.20	1308.00
863.51	1272.00
863.83	1295.00
864.14	1275.00
864.45	1278.00
864.76	1276.00
865.08	1262.00
865.39	1275.00
865.70	1257.00
866.01	1273.00
866.32	1270.00
866.64	1235.00
866.95	1243.00
867.26	1260.00
867.57	1240.00
867.88	1241.00
868.20	1220.00
868.51	1242.00
868.82	1241.00
869.13	1220.00
869.44	1235.00
869.75	1217.00
870.07	1194.00
870.38	1219.00
870.69	1202.00
871.00	1188.00
871.31	1184.00
871.62	1191.00
871.93	1182.00
872.24	1174.00
872.55	1166.00
872.87	1150.00
873.18	1133.00
873.49	1135.00
873.80	1143.00
874.11	1118.00
874.42	1111.00
874.73	1124.00
875.04	1146.00
875.35	1124.00
875.66	1107.00
875.97	1100.00
876.28	1094.00
876.59	1097.00
876.90	1065.00
877.21	1099.00
877.52	1087.00
877.83	1075.00
878.14	1073.00
878.45	1069.00
878.76	1052.00
879.07	1063.00
879.38	1047.00
879.69	1054.00
880.00	1049.00
880.31	1033.00
880.62	1043.00
880.93	1063.00
881.24	1043.00
881.55	1031.00
881.86	1036.00
882.17	1033.00
882.48	1020.00
882.79	1018.00
883.10	1006.00
883.41	1025.00
883.72	1005.00
884.03	1000.00
884.33	1016.00
884.64	994.00
884.95	995.00
885.26	997.00
885.57	986.00
885.88	998.00
886.19	987.00
886.50	973.00
886.80	997.00
887.11	980.00
887.42	969.00
887.73	991.00
888.04	964.00
888.35	971.00
888.65	972.00
888.96	974.00
889.27	966.00
889.58	955.00
889.89	954.00
890.19	954.00
890.50	950.00
890.81	949.00
891.12	966.00
891.43	951.00
891.73	939.00
892.04	925.00
892.35	934.00
892.66	937.00
892.96	929.00
893.27	941.00
893.58	951.00
893.89	935.00
894.19	928.00
894.50	908.00
894.81	933.00
895.11	932.00
895.42	926.00
895.73	925.00
896.03	924.00
896.34	922.00
896.65	918.00
896.96	908.00
897.26	890.00
897.57	899.00
897.88	905.00
898.18	896.00
898.49	897.00
898.79	906.00
899.10	888.00
899.41	897.00
899.71	890.00
900.02	888.00
900.33	885.00
900.63	885.00
900.94	888.00
901.24	883.00
901.55	891.00
901.86	879.00
902.16	887.00
902.47	864.00
902.77	885.00
903.08	880.00
903.38	870.00
903.69	868.00
904.00	871.00
904.30	873.00
904.61	861.00
904.91	855.00
905.22	880.00
905.52	874.00
905.83	864.00
906.13	859.00
906.44	857.00
906.74	854.00
907.05	849.00
907.35	845.00
907.66	835.00
907.96	843.00
908.27	841.00
908.57	823.00
908.88	829.00
909.18	819.00
909.48	826.00
909.79	833.00
910.09	823.00
910.40	824.00
910.70	843.00
911.01	820.00
911.31	824.00
911.61	831.00
911.92	820.00
912.22	817.00
912.53	814.00
912.83	807.00
913.13	798.00
913.44	785.00
913.74	810.00
914.04	810.00
914.35	815.00
914.65	803.00
914.96	784.00
915.26	780.00
915.56	790.00
915.87	778.00
916.17	779.00
916.47	780.00
916.78	771.00
917.08	776.00
917.38	777.00
917.68	779.00
917.99	764.00
918.29	766.00
918.59	761.00
918.90	757.00
919.20	761.00
919.50	749.00
919.80	762.00
920.11	741.00
920.41	756.00
920.71	754.00
921.01	756.00
921.32	742.00
921.62	749.00
921.92	736.00
922.22	735.00
922.52	747.00
922.83	725.00
923.13	733.00
923.43	739.00
923.73	727.00
924.03	723.00
924.34	721.00
924.64	711.00
924.94	712.00
925.24	720.00
925.54	704.00
925.84	708.00
926.15	709.00
926.45	704.00
926.75	697.00
927.05	686.00
927.35	684.00
927.65	692.00
927.95	690.00
928.25	690.00
928.55	690.00
928.86	670.00
929.16	667.00
929.46	674.00
929.76	668.00
930.06	665.00
930.36	662.00
930.66	668.00
930.96	655.00
931.26	647.00
931.56	659.00
931.86	654.00
932.16	642.00
932.46	627.00
932.76	659.00
933.06	640.00
933.36	624.00
933.66	614.00
933.96	626.00
934.26	593.00
934.56	608.00
934.86	601.00
935.16	598.00
935.46	586.00
935.76	582.00
936.06	575.00
936.36	567.00
936.66	559.00
936.96	544.00
937.26	538.00
937.56	540.00
937.86	532.00
938.16	524.00
938.45	530.00
938.75	523.00
939.05	515.00
939.35	504.00
939.65	496.00
939.95	489.00
940.25	488.00
940.55	475.00
940.85	475.00
941.14	470.00
941.44	488.00
941.74	466.00
942.04	473.00
942.34	464.00
942.64	462.00
942.93	454.00
943.23	464.00
943.53	454.00
943.83	455.00
944.13	448.00
944.42	445.00
944.72	451.00
945.02	452.00
945.32	447.00
945.62	452.00
945.91	452.00
946.21	455.00
946.51	456.00
946.81	457.00
947.10	454.00
947.40	444.00
947.70	454.00
948.00	447.00
948.29	459.00
948.59	461.00
948.89	455.00
949.18	447.00
949.48	462.00
949.78	455.00
950.08	460.00
950.37	456.00
950.67	465.00
950.97	464.00
951.26	473.00
951.56	465.00
951.86	467.00
952.15	465.00
952.45	463.00
952.74	457.00
953.04	467.00
953.34	467.00
953.63	466.00
953.93	458.00
954.23	463.00
954.52	471.00
954.82	477.00
955.11	474.00
955.41	459.00
955.71	469.00
956.00	461.00
956.30	462.00
956.59	477.00
956.89	460.00
957.18	471.00
957.48	469.00
957.77	463.00
958.07	472.00
958.36	462.00
958.66	454.00
958.96	472.00
959.25	463.00
959.55	466.00
959.84	466.00
960.14	467.00
960.43	472.00
960.73	464.00
961.02	459.00
961.31	471.00
961.61	466.00
961.90	466.00
962.20	471.00
962.49	466.00
962.79	467.00
963.08	462.00
963.38	466.00
963.67	462.00
963.96	461.00
964.26	462.00
964.55	460.00
964.85	471.00
965.14	453.00
965.43	468.00
965.73	460.00
966.02	468.00
966.32	455.00
966.61	459.00
966.90	464.00
967.20	467.00
967.49	450.00
967.78	455.00
968.08	458.00
968.37	463.00
968.66	460.00
968.96	449.00
969.25	448.00
969.54	457.00
969.84	450.00
970.13	454.00
970.42	447.00
970.71	452.00
971.01	450.00
971.30	452.00
971.59	446.00
971.89	445.00
972.18	447.00
972.47	447.00
972.76	447.00
973.06	437.00
973.35	440.00
973.64	438.00
973.93	441.00
974.22	437.00
974.52	447.00
974.81	450.00
975.10	435.00
975.39	446.00
975.68	435.00
975.98	437.00
976.27	430.00
976.56	426.00
976.85	442.00
977.14	447.00
977.43	422.00
977.73	439.00
978.02	429.00
978.31	432.00
978.60	428.00
978.89	429.00
979.18	435.00
979.47	435.00
979.76	426.00
980.05	425.00
980.35	425.00
980.64	431.00
980.93	427.00
981.22	426.00
981.51	414.00
981.80	418.00
982.09	415.00
982.38	414.00
982.67	413.00
982.96	419.00
983.25	406.00
983.54	419.00
983.83	411.00
984.12	405.00
984.41	408.00
984.70	407.00
984.99	413.00
985.28	415.00
985.57	406.00
985.86	406.00
986.15	399.00
986.44	408.00
986.73	394.00
987.02	403.00
987.31	396.00
987.60	406.00
987.89	398.00
988.18	395.00
988.47	393.00
988.76	399.00
989.05	393.00
989.34	394.00
989.62	388.00
989.91	384.00
990.20	393.00
990.49	392.00
990.78	389.00
991.07	395.00
991.36	385.00
991.65	394.00
991.93	390.00
992.22	387.00
992.51	382.00
992.80	385.00
993.09	379.00
993.38	384.00
993.66	377.00
993.95	371.00
994.24	380.00
994.53	375.00
994.82	373.00
995.11	372.00
995.39	367.00
995.68	369.00
995.97	366.00
996.26	373.00
996.54	369.00
996.83	371.00
997.12	366.00
997.41	371.00
997.69	364.00
997.98	358.00
998.27	363.00
998.56	356.00
998.84	360.00
999.13	360.00
999.42	350.00
999.70	352.00
999.99	357.00
1000.28	362.00
1000.56	357.00
1000.85	354.00
1001.14	347.00
1001.42	352.00
1001.71	351.00
1002.00	350.00
1002.28	346.00
1002.57	349.00
1002.86	348.00
1003.14	340.00
1003.43	341.00
1003.72	341.00
1004.00	346.00
1004.29	340.00
1004.57	341.00
1004.86	335.00
1005.15	338.00
1005.43	335.00
1005.72	333.00
1006.00	337.00
1006.29	335.00
1006.57	336.00
1006.86	342.00
1007.14	328.00
1007.43	324.00
1007.72	334.00
1008.00	331.00
1008.29	325.00
1008.57	329.00
1008.86	326.00
1009.14	318.00
1009.43	321.00
1009.71	322.00
1010.00	320.00
1010.28	328.00
1010.56	318.00
1010.85	320.00
1011.13	317.00
1011.42	321.00
1011.70	320.00
1011.99	322.00
1012.27	318.00
1012.56	322.00
1012.84	316.00
1013.12	309.00
1013.41	303.00
1013.69	311.00
1013.98	312.00
1014.26	310.00
1014.54	302.00
1014.83	302.00
1015.11	303.00
1015.40	302.00
1015.68	303.00
1015.96	306.00
1016.25	299.00
1016.53	306.00
1016.81	301.00
1017.10	306.00
1017.38	302.00
1017.66	301.00
1017.95	301.00
1018.23	295.00
1018.51	291.00
1018.80	297.00
1019.08	300.00
1019.36	292.00
1019.64	292.00
1019.93	293.00
1020.21	289.00
1020.49	292.00
1020.77	287.00
1021.06	296.00
1021.34	290.00
1021.62	290.00
1021.90	294.00
1022.19	290.00
1022.47	290.00
1022.75	286.00
1023.03	295.00
1023.31	288.00
1023.60	286.00
1023.88	284.00
1024.16	276.00
1024.44	288.00
1024.72	290.00
