340.06	0.00
340.44	207.00
340.81	208.00
341.19	207.00
341.57	212.00
341.95	219.00
342.32	214.00
342.70	212.00
343.08	218.00
343.46	212.00
343.84	212.00
344.21	221.00
344.59	222.00
344.97	216.00
345.35	212.00
345.72	211.00
346.10	228.00
346.48	214.00
346.86	216.00
347.23	219.00
347.61	219.00
347.99	216.00
348.37	214.00
348.74	221.00
349.12	215.00
349.50	220.00
349.88	215.00
350.25	218.00
350.63	234.00
351.01	217.00
351.38	217.00
351.76	218.00
352.14	215.00
352.52	227.00
352.89	216.00
353.27	221.00
353.65	220.00
354.02	218.00
354.40	215.00
354.78	218.00
355.15	216.00
355.53	216.00
355.91	219.00
356.28	214.00
356.66	219.00
357.04	220.00
357.41	228.00
357.79	218.00
358.17	214.00
358.54	219.00
358.92	215.00
359.30	234.00
359.67	219.00
360.05	212.00
360.42	217.00
360.80	217.00
361.18	218.00
361.55	217.00
361.93	224.00
362.31	217.00
362.68	220.00
363.06	227.00
363.43	231.00
363.81	225.00
364.19	223.00
364.56	217.00
364.94	220.00
365.31	217.00
365.69	218.00
366.06	220.00
366.44	218.00
366.82	219.00
367.19	222.00
367.57	220.00
367.94	221.00
368.32	218.00
368.69	214.00
369.07	220.00
369.45	217.00
369.82	215.00
370.20	220.00
370.57	224.00
370.95	222.00
371.32	223.00
371.70	221.00
372.07	222.00
372.45	238.00
372.82	218.00
373.20	215.00
373.57	220.00
373.95	217.00
374.32	221.00
374.70	213.00
375.07	235.00
375.45	220.00
375.82	219.00
376.20	219.00
376.57	220.00
376.95	218.00
377.32	221.00
377.70	214.00
378.07	214.00
378.45	228.00
378.82	214.00
379.19	218.00
379.57	214.00
379.94	221.00
380.32	214.00
380.69	223.00
381.07	210.00
381.44	213.00
381.82	214.00
382.19	219.00
382.56	218.00
382.94	219.00
383.31	216.00
383.69	219.00
384.06	212.00
384.43	220.00
384.81	218.00
385.18	216.00
385.56	220.00
385.93	219.00
386.30	211.00
386.68	222.00
387.05	224.00
387.43	214.00
387.80	218.00
388.17	215.00
388.55	222.00
388.92	215.00
389.29	221.00
389.67	223.00
390.04	216.00
390.41	218.00
390.79	217.00
391.16	216.00
391.54	213.00
391.91	214.00
392.28	216.00
392.66	216.00
393.03	221.00
393.40	223.00
393.77	218.00
394.15	221.00
394.52	221.00
394.89	220.00
395.27	215.00
395.64	218.00
396.01	214.00
396.39	217.00
396.76	214.00
397.13	213.00
397.50	217.00
397.88	219.00
398.25	220.00
398.62	218.00
399.00	219.00
399.37	224.00
399.74	222.00
400.11	223.00
400.49	219.00
400.86	222.00
401.23	217.00
401.60	221.00
401.98	225.00
402.35	230.00
402.72	222.00
403.09	218.00
403.46	226.00
403.84	215.00
404.21	216.00
404.58	218.00
404.95	238.00
405.33	221.00
405.70	214.00
406.07	224.00
406.44	218.00
406.81	219.00
407.19	222.00
407.56	226.00
407.93	210.00
408.30	221.00
408.67	214.00
409.04	217.00
409.42	213.00
409.79	216.00
410.16	217.00
410.53	215.00
410.90	219.00
411.27	223.00
411.64	222.00
412.02	222.00
412.39	224.00
412.76	215.00
413.13	222.00
413.50	223.00
413.87	215.00
414.24	218.00
414.62	217.00
414.99	222.00
415.36	217.00
415.73	221.00
416.10	233.00
416.47	219.00
416.84	226.00
417.21	212.00
417.58	223.00
417.95	218.00
418.32	220.00
418.70	216.00
419.07	220.00
419.44	235.00
419.81	218.00
420.18	216.00
420.55	215.00
420.92	222.00
421.29	220.00
421.66	219.00
422.03	220.00
422.40	214.00
422.77	212.00
423.14	219.00
423.51	215.00
423.88	229.00
424.25	214.00
424.62	216.00
424.99	219.00
425.36	225.00
425.73	219.00
426.10	218.00
426.47	217.00
426.84	219.00
427.21	218.00
427.58	217.00
427.95	221.00
428.32	218.00
428.69	236.00
429.06	222.00
429.43	221.00
429.80	221.00
430.17	219.00
430.54	227.00
430.91	221.00
431.28	216.00
431.65	220.00
432.02	220.00
432.39	213.00
432.76	231.00
433.13	217.00
433.50	219.00
433.87	224.00
434.23	215.00
434.60	219.00
434.97	225.00
435.34	220.00
435.71	223.00
436.08	216.00
436.45	220.00
436.82	223.00
437.19	221.00
437.56	224.00
437.92	213.00
438.29	216.00
438.66	217.00
439.03	221.00
439.40	228.00
439.77	216.00
440.14	222.00
440.51	218.00
440.87	220.00
441.24	216.00
441.61	222.00
441.98	223.00
442.35	216.00
442.72	221.00
443.08	218.00
443.45	219.00
443.82	224.00
444.19	223.00
444.56	220.00
444.93	217.00
445.29	217.00
445.66	219.00
446.03	218.00
446.40	221.00
446.77	218.00
447.13	245.00
447.50	221.00
447.87	226.00
448.24	219.00
448.60	218.00
448.97	221.00
449.34	228.00
449.71	221.00
450.08	219.00
450.44	219.00
450.81	223.00
451.18	218.00
451.55	222.00
451.91	221.00
452.28	218.00
452.65	223.00
453.02	217.00
453.38	219.00
453.75	216.00
454.12	222.00
454.48	222.00
454.85	219.00
455.22	219.00
455.59	223.00
455.95	216.00
456.32	219.00
456.69	224.00
457.05	219.00
457.42	216.00
457.79	219.00
458.15	218.00
458.52	221.00
458.89	218.00
459.25	221.00
459.62	219.00
459.99	227.00
460.35	220.00
460.72	219.00
461.09	221.00
461.45	225.00
461.82	219.00
462.19	230.00
462.55	230.00
462.92	222.00
463.28	222.00
463.65	220.00
464.02	222.00
464.38	217.00
464.75	224.00
465.12	220.00
465.48	217.00
465.85	217.00
466.21	220.00
466.58	221.00
466.95	221.00
467.31	215.00
467.68	220.00
468.04	220.00
468.41	221.00
468.77	219.00
469.14	218.00
469.51	213.00
469.87	220.00
470.24	217.00
470.60	219.00
470.97	216.00
471.33	215.00
471.70	213.00
472.06	220.00
472.43	214.00
472.79	218.00
473.16	219.00
473.52	220.00
473.89	221.00
474.25	220.00
474.62	230.00
474.98	221.00
475.35	220.00
475.71	219.00
476.08	222.00
476.44	214.00
476.81	214.00
477.17	220.00
477.54	216.00
477.90	224.00
478.27	217.00
478.63	214.00
479.00	221.00
479.36	223.00
479.73	220.00
480.09	223.00
480.46	221.00
480.82	213.00
481.18	220.00
481.55	216.00
481.91	224.00
482.28	215.00
482.64	226.00
483.01	214.00
483.37	217.00
483.73	220.00
484.10	220.00
484.46	215.00
484.83	218.00
485.19	218.00
485.55	221.00
485.92	218.00
486.28	223.00
486.65	216.00
487.01	220.00
487.37	218.00
487.74	226.00
488.10	223.00
488.46	219.00
488.83	218.00
489.19	223.00
489.55	218.00
489.92	216.00
490.28	214.00
490.64	224.00
491.01	214.00
491.37	219.00
491.73	216.00
492.10	215.00
492.46	220.00
492.82	216.00
493.19	221.00
493.55	222.00
493.91	217.00
494.28	221.00
494.64	217.00
495.00	221.00
495.37	231.00
495.73	207.00
496.09	220.00
496.45	220.00
496.82	220.00
497.18	222.00
497.54	217.00
497.90	218.00
498.27	220.00
498.63	221.00
498.99	220.00
499.35	227.00
499.72	221.00
500.08	222.00
500.44	223.00
500.80	216.00
501.17	227.00
501.53	224.00
501.89	221.00
502.25	222.00
502.61	225.00
502.98	218.00
503.34	224.00
503.70	219.00
504.06	217.00
504.42	212.00
504.79	219.00
505.15	225.00
505.51	217.00
505.87	223.00
506.23	221.00
506.59	226.00
506.96	224.00
507.32	235.00
507.68	225.00
508.04	222.00
508.40	221.00
508.76	221.00
509.12	211.00
509.49	224.00
509.85	220.00
510.21	219.00
510.57	224.00
510.93	222.00
511.29	222.00
511.65	218.00
512.01	218.00
512.38	227.00
512.74	221.00
513.10	219.00
513.46	226.00
513.82	219.00
514.18	220.00
514.54	218.00
514.90	222.00
515.26	222.00
515.62	231.00
515.98	224.00
516.34	226.00
516.70	221.00
517.06	218.00
517.43	217.00
517.79	217.00
518.15	219.00
518.51	221.00
518.87	217.00
519.23	224.00
519.59	227.00
519.95	222.00
520.31	226.00
520.67	222.00
521.03	215.00
521.39	221.00
521.75	220.00
522.11	228.00
522.47	222.00
522.83	222.00
523.19	217.00
523.55	223.00
523.91	216.00
524.27	223.00
524.63	225.00
524.99	223.00
525.35	221.00
525.70	222.00
526.06	231.00
526.42	223.00
526.78	212.00
527.14	219.00
527.50	222.00
527.86	221.00
528.22	218.00
528.58	222.00
528.94	219.00
529.30	220.00
529.66	217.00
530.02	219.00
530.37	223.00
530.73	217.00
531.09	221.00
531.45	223.00
531.81	219.00
532.17	220.00
532.53	224.00
532.89	222.00
533.25	220.00
533.60	220.00
533.96	218.00
534.32	226.00
534.68	222.00
535.04	219.00
535.40	222.00
535.75	219.00
536.11	222.00
536.47	225.00
536.83	213.00
537.19	218.00
537.55	226.00
537.90	221.00
538.26	220.00
538.62	222.00
538.98	246.00
539.34	218.00
539.69	222.00
540.05	225.00
540.41	224.00
540.77	223.00
541.13	223.00
541.48	225.00
541.84	224.00
542.20	220.00
542.56	224.00
542.91	222.00
543.27	222.00
543.63	222.00
543.99	220.00
544.34	225.00
544.70	221.00
545.06	222.00
545.42	219.00
545.77	221.00
546.13	221.00
546.49	223.00
546.84	231.00
547.20	221.00
547.56	228.00
547.92	222.00
548.27	224.00
548.63	228.00
548.99	219.00
549.34	220.00
549.70	229.00
550.06	233.00
550.41	222.00
550.77	238.00
551.13	220.00
551.48	220.00
551.84	220.00
552.20	216.00
552.55	226.00
552.91	221.00
553.27	220.00
553.62	221.00
553.98	223.00
554.34	224.00
554.69	217.00
555.05	220.00
555.40	224.00
555.76	222.00
556.12	222.00
556.47	224.00
556.83	222.00
557.18	219.00
557.54	221.00
557.90	222.00
558.25	218.00
558.61	224.00
558.96	219.00
559.32	226.00
559.67	221.00
560.03	224.00
560.39	228.00
560.74	224.00
561.10	229.00
561.45	238.00
561.81	221.00
562.16	226.00
562.52	220.00
562.87	215.00
563.23	220.00
563.58	222.00
563.94	218.00
564.29	228.00
564.65	224.00
565.00	228.00
565.36	222.00
565.71	225.00
566.07	226.00
566.42	226.00
566.78	221.00
567.13	225.00
567.49	225.00
567.84	220.00
568.20	228.00
568.55	232.00
568.91	221.00
569.26	226.00
569.62	221.00
569.97	228.00
570.32	227.00
570.68	234.00
571.03	238.00
571.39	229.00
571.74	232.00
572.10	231.00
572.45	228.00
572.80	226.00
573.16	231.00
573.51	234.00
573.87	232.00
574.22	232.00
574.57	242.00
574.93	231.00
575.28	230.00
575.63	234.00
575.99	229.00
576.34	228.00
576.70	236.00
577.05	235.00
577.40	240.00
577.76	240.00
578.11	237.00
578.46	231.00
578.82	241.00
579.17	237.00
579.52	232.00
579.88	239.00
580.23	239.00
580.58	239.00
580.94	241.00
581.29	246.00
581.64	244.00
582.00	247.00
582.35	242.00
582.70	248.00
583.05	249.00
583.41	259.00
583.76	272.00
584.11	256.00
584.47	253.00
584.82	266.00
585.17	253.00
585.52	260.00
585.88	252.00
586.23	256.00
586.58	260.00
586.93	257.00
587.29	266.00
587.64	270.00
587.99	273.00
588.34	274.00
588.69	275.00
589.05	276.00
589.40	285.00
589.75	279.00
590.10	287.00
590.45	285.00
590.81	284.00
591.16	288.00
591.51	292.00
591.86	290.00
592.21	303.00
592.57	291.00
592.92	313.00
593.27	305.00
593.62	306.00
593.97	312.00
594.32	317.00
594.68	325.00
595.03	329.00
595.38	334.00
595.73	325.00
596.08	329.00
596.43	353.00
596.78	338.00
597.13	348.00
597.49	345.00
597.84	345.00
598.19	346.00
598.54	362.00
598.89	351.00
599.24	362.00
599.59	361.00
599.94	367.00
600.29	370.00
600.64	377.00
600.99	390.00
601.35	385.00
601.70	388.00
602.05	391.00
602.40	403.00
602.75	403.00
603.10	406.00
603.45	408.00
603.80	409.00
604.15	414.00
604.50	417.00
604.85	442.00
605.20	437.00
605.55	434.00
605.90	436.00
606.25	453.00
606.60	450.00
606.95	463.00
607.30	451.00
607.65	461.00
608.00	457.00
608.35	467.00
608.70	473.00
609.05	483.00
609.40	485.00
609.75	478.00
610.10	514.00
610.45	487.00
610.80	505.00
611.15	513.00
611.50	508.00
611.84	521.00
612.19	526.00
612.54	529.00
612.89	530.00
613.24	530.00
613.59	536.00
613.94	555.00
614.29	551.00
614.64	560.00
614.99	563.00
615.34	569.00
615.68	568.00
616.03	575.00
616.38	576.00
616.73	584.00
617.08	586.00
617.43	591.00
617.78	600.00
618.13	615.00
618.47	599.00
618.82	621.00
619.17	610.00
619.52	623.00
619.87	625.00
620.22	639.00
620.56	634.00
620.91	634.00
621.26	667.00
621.61	649.00
621.96	658.00
622.30	658.00
622.65	677.00
623.00	668.00
623.35	666.00
623.70	659.00
624.04	683.00
624.39	684.00
624.74	685.00
625.09	691.00
625.44	702.00
625.78	692.00
626.13	708.00
626.48	704.00
626.83	706.00
627.17	714.00
627.52	715.00
627.87	725.00
628.22	734.00
628.56	719.00
628.91	718.00
629.26	733.00
629.60	755.00
629.95	742.00
630.30	753.00
630.64	764.00
630.99	740.00
631.34	758.00
631.69	763.00
632.03	757.00
632.38	785.00
632.73	763.00
633.07	775.00
633.42	774.00
633.77	776.00
634.11	771.00
634.46	796.00
634.81	776.00
635.15	792.00
635.50	799.00
635.84	793.00
636.19	785.00
636.54	797.00
636.88	798.00
637.23	815.00
637.58	796.00
637.92	800.00
638.27	819.00
638.61	829.00
638.96	835.00
639.31	826.00
639.65	822.00
640.00	828.00
640.34	834.00
640.69	825.00
641.03	833.00
641.38	829.00
641.73	839.00
642.07	835.00
642.42	847.00
642.76	842.00
643.11	853.00
643.45	851.00
643.80	871.00
644.14	863.00
644.49	859.00
644.83	861.00
645.18	871.00
645.52	882.00
645.87	866.00
646.21	865.00
646.56	881.00
646.90	884.00
647.25	890.00
647.59	878.00
647.94	887.00
648.28	884.00
648.63	891.00
648.97	890.00
649.32	901.00
649.66	889.00
650.01	898.00
650.35	902.00
650.69	901.00
651.04	901.00
651.38	903.00
651.73	916.00
652.07	914.00
652.42	905.00
652.76	907.00
653.10	912.00
653.45	918.00
653.79	932.00
654.14	910.00
654.48	916.00
654.82	925.00
655.17	931.00
655.51	939.00
655.86	932.00
656.20	978.00
656.54	942.00
656.89	936.00
657.23	938.00
657.57	939.00
657.92	937.00
658.26	941.00
658.60	964.00
658.95	975.00
659.29	944.00
659.63	959.00
659.98	952.00
660.32	954.00
660.66	957.00
661.01	981.00
661.35	968.00
661.69	987.00
662.03	969.00
662.38	982.00
662.72	976.00
663.06	981.00
663.41	991.00
663.75	983.00
664.09	1007.00
664.43	1000.00
664.78	1020.00
665.12	1003.00
665.46	997.00
665.80	1023.00
666.15	1027.00
666.49	1016.00
666.83	1005.00
667.17	1011.00
667.51	1032.00
667.86	1024.00
668.20	1044.00
668.54	1023.00
668.88	1035.00
669.23	1032.00
669.57	1037.00
669.91	1021.00
670.25	1033.00
670.59	1044.00
670.93	1038.00
671.28	1052.00
671.62	1065.00
671.96	1053.00
672.30	1056.00
672.64	1072.00
672.98	1074.00
673.33	1073.00
673.67	1084.00
674.01	1084.00
674.35	1072.00
674.69	1080.00
675.03	1087.00
675.37	1080.00
675.71	1100.00
676.05	1101.00
676.40	1083.00
676.74	1106.00
677.08	1115.00
677.42	1100.00
677.76	1121.00
678.10	1115.00
678.44	1129.00
678.78	1110.00
679.12	1114.00
679.46	1130.00
679.80	1118.00
680.14	1132.00
680.48	1152.00
680.82	1145.00
681.17	1144.00
681.51	1139.00
681.85	1148.00
682.19	1157.00
682.53	1176.00
682.87	1163.00
683.21	1171.00
683.55	1171.00
683.89	1168.00
684.23	1173.00
684.57	1180.00
684.91	1168.00
685.25	1171.00
685.59	1184.00
685.93	1192.00
686.26	1185.00
686.60	1201.00
686.94	1200.00
687.28	1209.00
687.62	1202.00
687.96	1196.00
688.30	1200.00
688.64	1233.00
688.98	1210.00
689.32	1210.00
689.66	1222.00
690.00	1229.00
690.34	1222.00
690.68	1230.00
691.02	1230.00
691.35	1218.00
691.69	1232.00
692.03	1229.00
692.37	1217.00
692.71	1241.00
693.05	1236.00
693.39	1224.00
693.73	1233.00
694.06	1232.00
694.40	1240.00
694.74	1259.00
695.08	1225.00
695.42	1241.00
695.76	1250.00
696.09	1246.00
696.43	1245.00
696.77	1247.00
697.11	1256.00
697.45	1254.00
697.79	1261.00
698.12	1237.00
698.46	1261.00
698.80	1254.00
699.14	1256.00
699.48	1258.00
699.81	1258.00
700.15	1264.00
700.49	1248.00
700.83	1265.00
701.16	1258.00
701.50	1261.00
701.84	1271.00
702.18	1249.00
702.51	1247.00
702.85	1278.00
703.19	1261.00
703.53	1279.00
703.86	1284.00
704.20	1258.00
704.54	1264.00
704.87	1264.00
705.21	1265.00
705.55	1279.00
705.89	1261.00
706.22	1267.00
706.56	1264.00
706.90	1266.00
707.23	1274.00
707.57	1266.00
707.91	1255.00
708.24	1267.00
708.58	1271.00
708.92	1259.00
709.25	1273.00
709.59	1310.00
709.93	1285.00
710.26	1264.00
710.60	1262.00
710.93	1272.00
711.27	1293.00
711.61	1261.00
711.94	1266.00
712.28	1271.00
712.61	1262.00
712.95	1265.00
713.29	1241.00
713.62	1252.00
713.96	1250.00
714.29	1269.00
714.63	1267.00
714.97	1233.00
715.30	1231.00
715.64	1251.00
715.97	1243.00
716.31	1251.00
716.64	1249.00
716.98	1234.00
717.31	1244.00
717.65	1264.00
717.98	1243.00
718.32	1259.00
718.66	1258.00
718.99	1251.00
719.33	1255.00
719.66	1248.00
720.00	1244.00
720.33	1257.00
720.66	1235.00
721.00	1254.00
721.33	1229.00
721.67	1237.00
722.00	1237.00
722.34	1218.00
722.67	1257.00
723.01	1236.00
723.34	1232.00
723.68	1235.00
724.01	1243.00
724.35	1226.00
724.68	1233.00
725.01	1225.00
725.35	1241.00
725.68	1226.00
726.02	1256.00
726.35	1228.00
726.68	1221.00
727.02	1221.00
727.35	1225.00
727.69	1229.00
728.02	1234.00
728.35	1221.00
728.69	1219.00
729.02	1225.00
729.35	1221.00
729.69	1217.00
730.02	1207.00
730.36	1219.00
730.69	1217.00
731.02	1204.00
731.36	1224.00
731.69	1208.00
732.02	1215.00
732.36	1204.00
732.69	1209.00
733.02	1202.00
733.35	1202.00
733.69	1194.00
734.02	1191.00
734.35	1200.00
734.69	1195.00
735.02	1204.00
735.35	1185.00
735.68	1195.00
736.02	1197.00
736.35	1188.00
736.68	1194.00
737.02	1196.00
737.35	1197.00
737.68	1173.00
738.01	1204.00
738.34	1196.00
738.68	1204.00
739.01	1182.00
739.34	1195.00
739.67	1182.00
740.01	1197.00
740.34	1174.00
740.67	1175.00
741.00	1184.00
741.33	1166.00
741.67	1187.00
742.00	1178.00
742.33	1161.00
742.66	1191.00
742.99	1172.00
743.32	1181.00
743.66	1165.00
743.99	1172.00
744.32	1190.00
744.65	1166.00
744.98	1179.00
745.31	1159.00
745.64	1180.00
745.97	1178.00
746.31	1176.00
746.64	1186.00
746.97	1169.00
747.30	1186.00
747.63	1164.00
747.96	1163.00
748.29	1162.00
748.62	1189.00
748.95	1169.00
749.28	1170.00
749.62	1172.00
749.95	1140.00
750.28	1170.00
750.61	1164.00
750.94	1164.00
751.27	1168.00
751.60	1160.00
751.93	1169.00
752.26	1171.00
752.59	1152.00
752.92	1161.00
753.25	1148.00
753.58	1153.00
753.91	1164.00
754.24	1166.00
754.57	1156.00
754.90	1176.00
755.23	1157.00
755.56	1166.00
755.89	1136.00
756.22	1140.00
756.55	1137.00
756.88	1139.00
757.21	1187.00
757.54	1153.00
757.87	1158.00
758.20	1140.00
758.52	1130.00
758.85	1147.00
759.18	1158.00
759.51	1144.00
759.84	1137.00
760.17	1135.00
760.50	1151.00
760.83	1147.00
761.16	1158.00
761.49	1169.00
761.82	1163.00
762.14	1142.00
762.47	1143.00
762.80	1157.00
763.13	1131.00
763.46	1148.00
763.79	1158.00
764.12	1136.00
764.45	1132.00
764.77	1132.00
765.10	1134.00
765.43	1144.00
765.76	1153.00
766.09	1133.00
766.41	1133.00
766.74	1140.00
767.07	1136.00
767.40	1137.00
767.73	1164.00
768.05	1135.00
768.38	1134.00
768.71	1135.00
769.04	1130.00
769.37	1130.00
769.69	1125.00
770.02	1138.00
770.35	1135.00
770.68	1127.00
771.00	1138.00
771.33	1121.00
771.66	1118.00
771.99	1113.00
772.31	1139.00
772.64	1107.00
772.97	1132.00
773.30	1116.00
773.62	1131.00
773.95	1115.00
774.28	1109.00
774.60	1107.00
774.93	1109.00
775.26	1117.00
775.58	1121.00
775.91	1115.00
776.24	1117.00
776.56	1105.00
776.89	1134.00
777.22	1107.00
777.54	1095.00
777.87	1103.00
778.20	1108.00
778.52	1094.00
778.85	1096.00
779.17	1096.00
779.50	1109.00
779.83	1103.00
780.15	1100.00
780.48	1090.00
780.81	1089.00
781.13	1087.00
781.46	1103.00
781.78	1102.00
782.11	1083.00
782.43	1087.00
782.76	1086.00
783.09	1077.00
783.41	1088.00
783.74	1082.00
784.06	1069.00
784.39	1062.00
784.71	1080.00
785.04	1071.00
785.36	1064.00
785.69	1069.00
786.01	1061.00
786.34	1077.00
786.66	1066.00
786.99	1063.00
787.31	1050.00
787.64	1051.00
787.96	1099.00
788.29	1047.00
788.61	1056.00
788.94	1051.00
789.26	1028.00
789.59	1052.00
789.91	1057.00
790.24	1043.00
790.56	1061.00
790.89	1061.00
791.21	1048.00
791.53	1029.00
791.86	1026.00
792.18	1025.00
792.51	1010.00
792.83	1033.00
793.16	1029.00
793.48	1007.00
793.80	1021.00
794.13	1009.00
794.45	1027.00
794.78	1013.00
795.10	1014.00
795.42	1002.00
795.75	1022.00
796.07	1004.00
796.39	1000.00
796.72	1001.00
797.04	996.00
797.36	990.00
797.69	992.00
798.01	978.00
798.33	973.00
798.66	1001.00
798.98	975.00
799.30	988.00
799.63	1009.00
799.95	989.00
800.27	964.00
800.60	970.00
800.92	998.00
801.24	958.00
801.56	970.00
801.89	960.00
802.21	950.00
802.53	962.00
802.85	962.00
803.18	962.00
803.50	938.00
803.82	939.00
804.14	968.00
804.47	950.00
804.79	946.00
805.11	955.00
805.43	941.00
805.75	935.00
806.08	927.00
806.40	941.00
806.72	935.00
807.04	923.00
807.36	911.00
807.69	932.00
808.01	918.00
808.33	916.00
808.65	923.00
808.97	917.00
809.29	908.00
809.62	926.00
809.94	898.00
810.26	900.00
810.58	901.00
810.90	887.00
811.22	883.00
811.54	904.00
811.87	899.00
812.19	884.00
812.51	894.00
812.83	889.00
813.15	868.00
813.47	929.00
813.79	882.00
814.11	878.00
814.43	872.00
814.75	871.00
815.07	877.00
815.39	870.00
815.71	871.00
816.04	878.00
816.36	869.00
816.68	881.00
817.00	858.00
817.32	863.00
817.64	852.00
817.96	872.00
818.28	848.00
818.60	852.00
818.92	850.00
819.24	849.00
819.56	844.00
819.88	857.00
820.20	837.00
820.52	847.00
820.84	846.00
821.16	851.00
821.47	837.00
821.79	844.00
822.11	833.00
822.43	845.00
822.75	840.00
823.07	827.00
823.39	833.00
823.71	833.00
824.03	838.00
824.35	826.00
824.67	844.00
824.99	829.00
825.31	832.00
825.62	834.00
825.94	829.00
826.26	830.00
826.58	835.00
826.90	813.00
827.22	821.00
827.54	823.00
827.86	816.00
828.17	825.00
828.49	830.00
828.81	828.00
829.13	814.00
829.45	796.00
829.77	805.00
830.08	805.00
830.40	808.00
830.72	819.00
831.04	815.00
831.36	807.00
831.67	814.00
831.99	796.00
832.31	802.00
832.63	802.00
832.95	797.00
833.26	783.00
833.58	790.00
833.90	792.00
834.22	791.00
834.53	806.00
834.85	792.00
835.17	784.00
835.48	789.00
835.80	774.00
836.12	787.00
836.44	795.00
836.75	793.00
837.07	798.00
837.39	778.00
837.70	789.00
838.02	776.00
838.34	770.00
838.65	782.00
838.97	785.00
839.29	792.00
839.60	789.00
839.92	796.00
840.24	784.00
840.55	787.00
840.87	774.00
841.19	772.00
841.50	781.00
841.82	768.00
842.14	787.00
842.45	784.00
842.77	783.00
843.08	771.00
843.40	764.00
843.72	772.00
844.03	769.00
844.35	765.00
844.66	756.00
844.98	772.00
845.29	779.00
845.61	768.00
845.93	769.00
846.24	757.00
846.56	766.00
846.87	752.00
847.19	765.00
847.50	766.00
847.82	772.00
848.13	744.00
848.45	758.00
848.76	773.00
849.08	763.00
849.39	769.00
849.71	747.00
850.02	748.00
850.34	762.00
850.65	750.00
850.97	766.00
851.28	747.00
851.60	754.00
851.91	740.00
852.23	752.00
852.54	747.00
852.86	732.00
853.17	759.00
853.48	749.00
853.80	743.00
854.11	740.00
854.43	742.00
854.74	733.00
855.05	739.00
855.37	734.00
855.68	741.00
856.00	759.00
856.31	734.00
856.62	748.00
856.94	744.00
857.25	728.00
857.56	729.00
857.88	722.00
858.19	724.00
858.51	732.00
858.82	725.00
859.13	736.00
859.45	736.00
859.76	723.00
860.07	733.00
860.38	724.00
860.70	707.00
861.01	706.00
861.32	723.00
861.64	715.00
861.95	721.00
862.26	718.00
862.58	708.00
862.89	705.00
863.20	713.00
863.51	700.00
863.83	704.00
864.14	696.00
864.45	713.00
864.76	694.00
865.08	704.00
865.39	694.00
865.70	689.00
866.01	686.00
866.32	684.00
866.64	698.00
866.95	695.00
867.26	683.00
867.57	677.00
867.88	692.00
868.20	693.00
868.51	691.00
868.82	692.00
869.13	677.00
869.44	683.00
869.75	678.00
870.07	674.00
870.38	662.00
870.69	664.00
871.00	664.00
871.31	675.00
871.62	660.00
871.93	670.00
872.24	666.00
872.55	660.00
872.87	656.00
873.18	646.00
873.49	655.00
873.80	658.00
874.11	651.00
874.42	653.00
874.73	649.00
875.04	637.00
875.35	653.00
875.66	658.00
875.97	646.00
876.28	653.00
876.59	645.00
876.90	630.00
877.21	644.00
877.52	637.00
877.83	613.00
878.14	640.00
878.45	633.00
878.76	623.00
879.07	631.00
879.38	618.00
879.69	629.00
880.00	629.00
880.31	621.00
880.62	623.00
880.93	630.00
881.24	612.00
881.55	615.00
881.86	612.00
882.17	610.00
882.48	604.00
882.79	605.00
883.10	602.00
883.41	604.00
883.72	590.00
884.03	600.00
884.33	607.00
884.64	598.00
884.95	616.00
885.26	593.00
885.57	590.00
885.88	589.00
886.19	582.00
886.50	583.00
886.80	578.00
887.11	585.00
887.42	590.00
887.73	581.00
888.04	575.00
888.35	583.00
888.65	568.00
888.96	593.00
889.27	574.00
889.58	568.00
889.89	569.00
890.19	568.00
890.50	565.00
890.81	563.00
891.12	568.00
891.43	567.00
891.73	563.00
892.04	556.00
892.35	548.00
892.66	540.00
892.96	556.00
893.27	558.00
893.58	557.00
893.89	551.00
894.19	552.00
894.50	553.00
894.81	555.00
895.11	564.00
895.42	560.00
895.73	548.00
896.03	538.00
896.34	539.00
896.65	544.00
896.96	540.00
897.26	527.00
897.57	526.00
897.88	541.00
898.18	539.00
898.49	533.00
898.79	535.00
899.10	526.00
899.41	532.00
899.71	521.00
900.02	517.00
900.33	528.00
900.63	514.00
900.94	531.00
901.24	518.00
901.55	523.00
901.86	525.00
902.16	514.00
902.47	512.00
902.77	505.00
903.08	511.00
903.38	513.00
903.69	509.00
904.00	502.00
904.30	508.00
904.61	506.00
904.91	507.00
905.22	499.00
905.52	510.00
905.83	509.00
906.13	486.00
906.44	508.00
906.74	505.00
907.05	500.00
907.35	507.00
907.66	501.00
907.96	499.00
908.27	494.00
908.57	496.00
908.88	497.00
909.18	488.00
909.48	486.00
909.79	492.00
910.09	500.00
910.40	481.00
910.70	489.00
911.01	481.00
911.31	496.00
911.61	481.00
911.92	485.00
912.22	485.00
912.53	489.00
912.83	471.00
913.13	480.00
913.44	473.00
913.74	489.00
914.04	501.00
914.35	477.00
914.65	466.00
914.96	466.00
915.26	475.00
915.56	466.00
915.87	475.00
916.17	459.00
916.47	457.00
916.78	461.00
917.08	489.00
917.38	466.00
917.68	466.00
917.99	456.00
918.29	466.00
918.59	455.00
918.90	454.00
919.20	461.00
919.50	450.00
919.80	467.00
920.11	445.00
920.41	453.00
920.71	445.00
921.01	440.00
921.32	456.00
921.62	438.00
921.92	439.00
922.22	434.00
922.52	433.00
922.83	444.00
923.13	448.00
923.43	443.00
923.73	441.00
924.03	444.00
924.34	436.00
924.64	432.00
924.94	429.00
925.24	431.00
925.54	434.00
925.84	433.00
926.15	432.00
926.45	442.00
926.75	420.00
927.05	427.00
927.35	419.00
927.65	430.00
927.95	432.00
928.25	426.00
928.55	427.00
928.86	417.00
929.16	406.00
929.46	416.00
929.76	425.00
930.06	411.00
930.36	415.00
930.66	411.00
930.96	402.00
931.26	417.00
931.56	413.00
931.86	407.00
932.16	398.00
932.46	419.00
932.76	419.00
933.06	406.00
933.36	389.00
933.66	402.00
933.96	396.00
934.26	394.00
934.56	386.00
934.86	393.00
935.16	396.00
935.46	387.00
935.76	393.00
936.06	392.00
936.36	385.00
936.66	378.00
936.96	366.00
937.26	382.00
937.56	380.00
937.86	380.00
938.16	370.00
938.45	380.00
938.75	380.00
939.05	380.00
939.35	372.00
939.65	370.00
939.95	362.00
940.25	371.00
940.55	365.00
940.85	362.00
941.14	360.00
941.44	662.00
941.74	360.00
942.04	352.00
942.34	357.00
942.64	350.00
942.93	365.00
943.23	377.00
943.53	362.00
943.83	361.00
944.13	356.00
944.42	350.00
944.72	350.00
945.02	350.00
945.32	355.00
945.62	339.00
945.91	336.00
946.21	346.00
946.51	341.00
946.81	343.00
947.10	333.00
947.40	338.00
947.70	348.00
948.00	333.00
948.29	334.00
948.59	338.00
948.89	325.00
949.18	335.00
949.48	344.00
949.78	337.00
950.08	333.00
950.37	324.00
950.67	325.00
950.97	313.00
951.26	323.00
951.56	320.00
951.86	314.00
952.15	313.00
952.45	319.00
952.74	319.00
953.04	318.00
953.34	320.00
953.63	320.00
953.93	316.00
954.23	315.00
954.52	307.00
954.82	317.00
955.11	308.00
955.41	307.00
955.71	311.00
956.00	307.00
956.30	304.00
956.59	306.00
956.89	312.00
957.18	309.00
957.48	301.00
957.77	304.00
958.07	306.00
958.36	304.00
958.66	301.00
958.96	296.00
959.25	299.00
959.55	308.00
959.84	295.00
960.14	299.00
960.43	306.00
960.73	299.00
961.02	297.00
961.31	295.00
961.61	294.00
961.90	290.00
962.20	298.00
962.49	294.00
962.79	289.00
963.08	300.00
963.38	294.00
963.67	290.00
963.96	293.00
964.26	293.00
964.55	292.00
964.85	301.00
965.14	292.00
965.43	284.00
965.73	305.00
966.02	296.00
966.32	289.00
966.61	288.00
966.90	287.00
967.20	286.00
967.49	284.00
967.78	289.00
968.08	299.00
968.37	284.00
968.66	295.00
968.96	287.00
969.25	289.00
969.54	282.00
969.84	287.00
970.13	283.00
970.42	279.00
970.71	289.00
971.01	282.00
971.30	275.00
971.59	276.00
971.89	288.00
972.18	282.00
972.47	291.00
972.76	280.00
973.06	282.00
973.35	284.00
973.64	286.00
973.93	278.00
974.22	278.00
974.52	280.00
974.81	282.00
975.10	292.00
975.39	277.00
975.68	276.00
975.98	275.00
976.27	278.00
976.56	276.00
976.85	276.00
977.14	278.00
977.43	275.00
977.73	294.00
978.02	275.00
978.31	272.00
978.60	270.00
978.89	278.00
979.18	270.00
979.47	277.00
979.76	271.00
980.05	268.00
980.35	270.00
980.64	282.00
980.93	279.00
981.22	273.00
981.51	267.00
981.80	276.00
982.09	268.00
982.38	267.00
982.67	270.00
982.96	270.00
983.25	270.00
983.54	271.00
983.83	276.00
984.12	266.00
984.41	275.00
984.70	268.00
984.99	279.00
985.28	290.00
985.57	268.00
985.86	268.00
986.15	271.00
986.44	265.00
986.73	271.00
987.02	269.00
987.31	272.00
987.60	263.00
987.89	263.00
988.18	270.00
988.47	268.00
988.76	263.00
989.05	264.00
989.34	269.00
989.62	270.00
989.91	266.00
990.20	264.00
990.49	268.00
990.78	258.00
991.07	265.00
991.36	274.00
991.65	261.00
991.93	267.00
992.22	268.00
992.51	265.00
992.80	263.00
993.09	266.00
993.38	258.00
993.66	266.00
993.95	260.00
994.24	264.00
994.53	261.00
994.82	263.00
995.11	270.00
995.39	260.00
995.68	263.00
995.97	262.00
996.26	269.00
996.54	258.00
996.83	269.00
997.12	256.00
997.41	261.00
997.69	259.00
997.98	264.00
998.27	261.00
998.56	253.00
998.84	262.00
999.13	257.00
999.42	261.00
999.70	260.00
999.99	259.00
1000.28	264.00
1000.56	265.00
1000.85	247.00
1001.14	256.00
1001.42	256.00
1001.71	254.00
1002.00	255.00
1002.28	272.00
1002.57	255.00
1002.86	260.00
1003.14	260.00
1003.43	255.00
1003.72	259.00
1004.00	252.00
1004.29	255.00
1004.57	260.00
1004.86	248.00
1005.15	282.00
1005.43	258.00
1005.72	253.00
1006.00	261.00
1006.29	249.00
1006.57	254.00
1006.86	253.00
1007.14	249.00
1007.43	255.00
1007.72	257.00
1008.00	251.00
1008.29	251.00
1008.57	249.00
1008.86	249.00
1009.14	248.00
1009.43	249.00
1009.71	248.00
1010.00	253.00
1010.28	251.00
1010.56	246.00
1010.85	246.00
1011.13	254.00
1011.42	250.00
1011.70	245.00
1011.99	244.00
1012.27	248.00
1012.56	241.00
1012.84	246.00
1013.12	255.00
1013.41	252.00
1013.69	250.00
1013.98	248.00
1014.26	243.00
1014.54	248.00
1014.83	251.00
1015.11	244.00
1015.40	247.00
1015.68	248.00
1015.96	242.00
1016.25	240.00
1016.53	248.00
1016.81	248.00
1017.10	251.00
1017.38	245.00
1017.66	250.00
1017.95	245.00
1018.23	247.00
1018.51	251.00
1018.80	248.00
1019.08	243.00
1019.36	243.00
1019.64	241.00
1019.93	242.00
1020.21	239.00
1020.49	244.00
1020.77	239.00
1021.06	241.00
1021.34	237.00
1021.62	255.00
1021.90	235.00
1022.19	253.00
1022.47	239.00
1022.75	245.00
1023.03	239.00
1023.31	240.00
1023.60	239.00
1023.88	236.00
1024.16	236.00
1024.44	262.00
1024.72	238.00
